kMean
kStDev
kStdErr
Volume Fraction
Inlay Radius
# Inlays/filler particles
-----
2.630795999999999829e-02,2.238398000000000818e-02,2.067124666666666361e-02,1.968200666666666820e-02,1.906631333333333803e-02,1.860707333333333144e-02,1.827615333333332953e-02,1.803003999999999371e-02,1.795522666666666059e-02,1.793634666666665822e-02,1.793373333333334041e-02,1.803334000000000881e-02,1.818084666666667029e-02,1.813519333333332359e-02,1.825473333333332837e-02,1.846611999999999212e-02,1.873821333333333672e-02,1.872779999999999931e-02,1.882070666666667627e-02,1.888626000000002275e-02,1.883998666666666585e-02,1.880753333333332403e-02,1.878637333333332826e-02,1.876233333333333919e-02,1.872791333333333891e-02,1.869337333333333587e-02
7.771416687665978372e-05,7.081576754744195110e-05,9.443078146922691013e-05,1.246603650813770921e-04,1.313175863656079138e-04,1.497404909242061122e-04,1.874582170926511948e-04,2.081982990644575123e-04,2.668617906124608262e-04,2.824536773034159358e-04,3.173627297308587625e-04,3.938491560652798294e-04,4.038253374363174578e-04,5.234011934347197921e-04,5.694696558104644923e-04,5.100748431357890597e-04,2.896162883694369176e-04,2.606539979871144025e-04,2.725136215963442732e-04,2.367564551742290047e-04,2.328951119185535522e-04,1.888838679071231643e-04,1.906570235323687900e-04,1.634920861149621386e-04,1.683637307207884980e-04,1.716935854622671784e-04
6.345335154443945516e-06,5.782083207825897620e-06,7.710241020395704604e-06,1.017847618661464845e-05,1.072203602832002328e-05,1.222625988660534873e-05,1.530589933229571019e-05,1.699931993410977433e-05,2.178917396153250038e-05,2.306224617887023788e-05,2.591255837391361606e-05,3.215764893285713409e-05,3.297220073087384654e-05,4.273552848929401075e-05,4.649700269113331898e-05,4.164743654376179484e-05,2.364707092346236036e-05,2.128230981616212927e-05,2.225064402896472234e-05,1.933108361623264284e-05,1.901580625962790897e-05,1.542230323385702952e-05,1.556708078440361307e-05,1.334907293216079425e-05,1.374684104857601551e-05,1.401872254971634813e-05
2.999999999999999889e-01,2.999999999999999889e-01,2.999999999999999889e-01,2.999999999999999889e-01,2.999999999999999889e-01,2.999999999999999889e-01,2.999999999999999889e-01,2.999999999999999889e-01,2.999999999999999889e-01,2.999999999999999889e-01,2.999999999999999889e-01,2.999999999999999889e-01,2.999999999999999889e-01,2.999999999999999889e-01,2.999999999999999889e-01,2.999999999999999889e-01,2.999999999999999889e-01,2.999999999999999889e-01,2.999999999999999889e-01,2.999999999999999889e-01,2.999999999999999889e-01,2.999999999999999889e-01,2.999999999999999889e-01,2.999999999999999889e-01,2.999999999999999889e-01,2.999999999999999889e-01
8.740499999999999658e-02,7.978899999999999881e-02,7.387100000000000610e-02,6.909999999999999476e-02,6.514799999999999758e-02,6.180399999999999783e-02,5.892800000000000121e-02,5.641999999999999793e-02,5.420599999999999724e-02,5.223400000000000265e-02,5.046300000000000091e-02,4.886100000000000165e-02,4.740199999999999969e-02,4.606600000000000278e-02,4.483800000000000285e-02,4.370199999999999779e-02,4.264899999999999941e-02,4.166899999999999771e-02,4.075299999999999756e-02,3.989499999999999991e-02,3.908899999999999875e-02,3.833000000000000296e-02,3.761300000000000060e-02,3.693500000000000255e-02,3.629299999999999887e-02,3.568299999999999944e-02
5.000000000000000000e+00,6.000000000000000000e+00,7.000000000000000000e+00,8.000000000000000000e+00,9.000000000000000000e+00,1.000000000000000000e+01,1.100000000000000000e+01,1.200000000000000000e+01,1.300000000000000000e+01,1.400000000000000000e+01,1.500000000000000000e+01,1.600000000000000000e+01,1.700000000000000000e+01,1.800000000000000000e+01,1.900000000000000000e+01,2.000000000000000000e+01,2.100000000000000000e+01,2.200000000000000000e+01,2.300000000000000000e+01,2.400000000000000000e+01,2.500000000000000000e+01,2.600000000000000000e+01,2.700000000000000000e+01,2.800000000000000000e+01,2.900000000000000000e+01,3.000000000000000000e+01
