kMean
kStDev
kStdErr
Volume Fraction
Inlay Radius
# Inlays/filler particles
-----
2.682118333333331772e-02,2.288932000000000119e-02,2.114835666666667335e-02,2.017227333333332720e-02,1.952949333333333509e-02,1.914588333333331824e-02,1.881680333333332275e-02,1.876190333333334348e-02,1.874125999999999917e-02,1.879578000000000845e-02,1.899465666666666150e-02,1.928933333333333888e-02,1.943003333333333596e-02,1.971882333333334347e-02,1.983121666666667893e-02,1.992620666666668205e-02,1.989229666666667701e-02,1.982571333333332450e-02,1.976104666666667758e-02,1.970037999999999997e-02,1.969529666666666734e-02,1.963165000000000396e-02,1.957022333333332392e-02,1.948418000000001413e-02,1.943089666666666937e-02,1.941402666666668109e-02
3.080112493436273045e-04,3.159842996099649325e-04,3.768461349882143083e-04,3.921569056158798173e-04,4.445161751337689212e-04,5.098620104716786779e-04,5.267375987993348730e-04,6.093557094633279391e-04,6.942899483645142587e-04,7.797672504878191838e-04,8.555395210755738526e-04,8.683498117438360250e-04,8.789645113553919316e-04,8.255755318496841352e-04,8.657761391119275568e-04,6.743048103705688535e-04,6.079099401409903498e-04,5.444081843208784617e-04,4.863577398947770982e-04,4.651456498775411374e-04,4.399030370307630651e-04,3.952428884032368485e-04,3.980491093515418563e-04,3.747949051592530147e-04,3.673949273677517635e-04,3.520352907814153849e-04
1.778303777219761368e-05,1.824336204395086072e-05,2.175722174785155530e-05,2.264118950218988572e-05,2.566415333726242975e-05,2.943689689953874603e-05,3.041120944590930655e-05,3.518116828908877415e-05,4.008484885839036223e-05,4.501988319743967259e-05,4.939459727953460282e-05,5.013419975610645653e-05,5.074703972391633619e-05,4.766462555497835810e-05,4.998560869742262215e-05,3.893100637833074232e-05,3.509769675834500301e-05,3.143142117666945253e-05,2.807987720507075147e-05,2.685519661691817734e-05,2.539781368470449534e-05,2.281935880148939737e-05,2.298137604348034340e-05,2.163879393845949596e-05,2.121155602146744523e-05,2.032476698968983231e-05
2.999999999999999889e-01,2.999999999999999889e-01,2.999999999999999889e-01,2.999999999999999889e-01,2.999999999999999889e-01,2.999999999999999889e-01,2.999999999999999889e-01,2.999999999999999889e-01,2.999999999999999889e-01,2.999999999999999889e-01,2.999999999999999889e-01,2.999999999999999889e-01,2.999999999999999889e-01,2.999999999999999889e-01,2.999999999999999889e-01,2.999999999999999889e-01,2.999999999999999889e-01,2.999999999999999889e-01,2.999999999999999889e-01,2.999999999999999889e-01,2.999999999999999889e-01,2.999999999999999889e-01,2.999999999999999889e-01,2.999999999999999889e-01,2.999999999999999889e-01,2.999999999999999889e-01
8.740499999999999658e-02,7.978899999999999881e-02,7.387100000000000610e-02,6.909999999999999476e-02,6.514799999999999758e-02,6.180399999999999783e-02,5.892800000000000121e-02,5.641999999999999793e-02,5.420599999999999724e-02,5.223400000000000265e-02,5.046300000000000091e-02,4.886100000000000165e-02,4.740199999999999969e-02,4.606600000000000278e-02,4.483800000000000285e-02,4.370199999999999779e-02,4.264899999999999941e-02,4.166899999999999771e-02,4.075299999999999756e-02,3.989499999999999991e-02,3.908899999999999875e-02,3.833000000000000296e-02,3.761300000000000060e-02,3.693500000000000255e-02,3.629299999999999887e-02,3.568299999999999944e-02
5.000000000000000000e+00,6.000000000000000000e+00,7.000000000000000000e+00,8.000000000000000000e+00,9.000000000000000000e+00,1.000000000000000000e+01,1.100000000000000000e+01,1.200000000000000000e+01,1.300000000000000000e+01,1.400000000000000000e+01,1.500000000000000000e+01,1.600000000000000000e+01,1.700000000000000000e+01,1.800000000000000000e+01,1.900000000000000000e+01,2.000000000000000000e+01,2.100000000000000000e+01,2.200000000000000000e+01,2.300000000000000000e+01,2.400000000000000000e+01,2.500000000000000000e+01,2.600000000000000000e+01,2.700000000000000000e+01,2.800000000000000000e+01,2.900000000000000000e+01,3.000000000000000000e+01
