kMean
kStDev
kStdErr
Volume Fraction
Inlay Radius
# Inlays/filler particles
-----
1.699194999999999872e-02,1.629219999999999974e-02,1.601895000000000055e-02,1.554319999999999834e-02,1.535139999999999769e-02,1.527940000000000201e-02,1.535745000000000339e-02,1.523439999999999517e-02,1.535805000000000330e-02,1.542009999999999735e-02,1.543254999999999974e-02,1.536299999999999819e-02,1.543849999999999910e-02,1.547600000000000017e-02,1.547774999999999845e-02,1.535139999999999769e-02,1.537975000000000106e-02,1.540599999999999782e-02,1.535515000000000144e-02,1.535190000000000166e-02,1.537304999999999922e-02,1.537150000000000148e-02,1.538429999999999832e-02,1.533020000000000216e-02,1.528649999999999801e-02,1.531725000000000447e-02,1.523944999999999814e-02,1.532990000000000221e-02,1.530374999999999965e-02,1.524674999999999989e-02,1.529439999999999619e-02,1.528034999999999810e-02,1.527095000000000535e-02,1.514649999999999677e-02,1.517259999999999789e-02,1.522375000000000290e-02,1.522590000000000401e-02,1.526430000000000321e-02,1.522099999999999842e-02,1.526305000000000023e-02,1.518330000000000200e-02,1.521439999999999945e-02,1.516640000000000002e-02,1.518579999999999930e-02,1.517674999999999927e-02,1.520445000000000303e-02
1.534683925112920796e-04,1.705909141777486155e-04,3.062641792635894264e-04,1.575352658930690526e-04,1.720320900297384070e-04,3.290886506703019848e-04,4.317514881271400200e-04,5.862801719314750292e-04,3.916159438786935717e-04,5.165373074619103878e-04,3.163674248401687566e-04,3.724103919065634019e-04,3.636061743150135832e-04,2.603908600546494525e-04,2.187923387598387723e-04,2.704188233093252547e-04,3.449062010170305163e-04,2.225392100282554532e-04,2.024399355364448665e-04,1.638553935639594939e-04,1.917723846125919847e-04,1.500141659977486048e-04,1.897933349725434407e-04,1.866069666437990444e-04,1.880152919312683656e-04,2.345879099612766265e-04,1.390206729231303656e-04,1.394316678520340382e-04,1.471152184513891564e-04,1.777126543046386362e-04,1.522459851687394642e-04,1.721683115442560732e-04,1.340546437091978032e-04,1.154441423373224988e-04,1.202569748496941414e-04,1.211027972426731441e-04,1.660966285028084625e-04,1.868210641228661617e-04,1.462617516646096930e-04,1.452489156586030876e-04,1.570980903766815541e-04,1.313683371288531338e-04,1.108085736755057136e-04,1.011116214883332509e-04,1.466798810334941352e-04,1.449253169739507616e-04
3.431657580528687526e-05,3.814528804452785391e-05,6.848275239065673475e-05,3.522595633904064875e-05,3.846754476178588882e-05,7.358645935224769619e-05,9.654256768389783987e-05,1.310962318299042386e-04,8.756798715855014471e-05,1.155012532399540896e-04,7.074190678091728658e-05,8.327349518304132743e-05,8.130481228070083764e-05,5.822516638018307422e-05,4.892345424231615071e-05,6.046748713151558813e-05,7.712337113352873519e-05,4.976128012822820406e-05,4.526694572201660509e-05,3.663917984889949179e-05,4.288160882009903571e-05,3.354418727589034122e-05,4.243907986749952739e-05,4.172658624905704427e-05,4.204149735677837404e-05,5.245545133730145424e-05,3.108596749338838738e-05,3.117786875333201886e-05,3.289596289820374668e-05,3.973775754870925779e-05,3.404323721387262161e-05,3.849800481843183690e-05,2.997552960332808074e-05,2.581409498704145678e-05,2.689027705323986570e-05,2.707940868999912274e-05,3.714033521658087976e-05,4.177445990075758311e-05,3.270512192302602982e-05,3.247864490707701027e-05,3.512820092176654921e-05,2.937485319112251558e-05,2.477755032282244840e-05,2.260924589631416106e-05,3.279861849224749567e-05,3.240628604144579994e-05
2.000000000000000111e-01,2.000000000000000111e-01,2.000000000000000111e-01,2.000000000000000111e-01,2.000000000000000111e-01,2.000000000000000111e-01,2.000000000000000111e-01,2.000000000000000111e-01,2.000000000000000111e-01,2.000000000000000111e-01,2.000000000000000111e-01,2.000000000000000111e-01,2.000000000000000111e-01,2.000000000000000111e-01,2.000000000000000111e-01,2.000000000000000111e-01,2.000000000000000111e-01,2.000000000000000111e-01,2.000000000000000111e-01,2.000000000000000111e-01,2.000000000000000111e-01,2.000000000000000111e-01,2.000000000000000111e-01,2.000000000000000111e-01,2.000000000000000111e-01,2.000000000000000111e-01,2.000000000000000111e-01,2.000000000000000111e-01,2.000000000000000111e-01,2.000000000000000111e-01,2.000000000000000111e-01,2.000000000000000111e-01,2.000000000000000111e-01,2.000000000000000111e-01,2.000000000000000111e-01,2.000000000000000111e-01,2.000000000000000111e-01,2.000000000000000111e-01,2.000000000000000111e-01,2.000000000000000111e-01,2.000000000000000111e-01,2.000000000000000111e-01,2.000000000000000111e-01,2.000000000000000111e-01,2.000000000000000111e-01,2.000000000000000111e-01
7.136599999999999888e-02,6.514799999999999758e-02,6.031500000000000056e-02,5.641999999999999793e-02,5.319299999999999723e-02,5.046300000000000091e-02,4.811499999999999805e-02,4.606600000000000278e-02,4.425899999999999973e-02,4.264899999999999941e-02,4.120299999999999657e-02,3.989499999999999991e-02,3.870300000000000129e-02,3.761300000000000060e-02,3.660999999999999671e-02,3.568299999999999944e-02,3.482299999999999979e-02,3.402199999999999669e-02,3.327399999999999802e-02,3.257399999999999879e-02,3.191599999999999993e-02,3.129599999999999743e-02,3.071099999999999872e-02,3.015800000000000078e-02,2.963299999999999962e-02,2.913500000000000117e-02,2.866099999999999898e-02,2.820999999999999897e-02,2.777900000000000161e-02,2.736699999999999897e-02,2.697400000000000145e-02,2.659600000000000158e-02,2.623500000000000137e-02,2.588700000000000029e-02,2.555299999999999933e-02,2.523200000000000096e-02,2.492199999999999971e-02,2.462400000000000005e-02,2.433499999999999899e-02,2.405699999999999852e-02,2.378900000000000112e-02,2.352900000000000130e-02,2.327699999999999908e-02,2.303300000000000139e-02,2.279700000000000129e-02,2.256800000000000125e-02
5.000000000000000000e+00,6.000000000000000000e+00,7.000000000000000000e+00,8.000000000000000000e+00,9.000000000000000000e+00,1.000000000000000000e+01,1.100000000000000000e+01,1.200000000000000000e+01,1.300000000000000000e+01,1.400000000000000000e+01,1.500000000000000000e+01,1.600000000000000000e+01,1.700000000000000000e+01,1.800000000000000000e+01,1.900000000000000000e+01,2.000000000000000000e+01,2.100000000000000000e+01,2.200000000000000000e+01,2.300000000000000000e+01,2.400000000000000000e+01,2.500000000000000000e+01,2.600000000000000000e+01,2.700000000000000000e+01,2.800000000000000000e+01,2.900000000000000000e+01,3.000000000000000000e+01,3.100000000000000000e+01,3.200000000000000000e+01,3.300000000000000000e+01,3.400000000000000000e+01,3.500000000000000000e+01,3.600000000000000000e+01,3.700000000000000000e+01,3.800000000000000000e+01,3.900000000000000000e+01,4.000000000000000000e+01,4.100000000000000000e+01,4.200000000000000000e+01,4.300000000000000000e+01,4.400000000000000000e+01,4.500000000000000000e+01,4.600000000000000000e+01,4.700000000000000000e+01,4.800000000000000000e+01,4.900000000000000000e+01,5.000000000000000000e+01
