Mittlere Wärmeleitfähigkeit des Compound-Materials
Volume Fraction
xOffset Sphere
Total area
Size dim x
Size dim y
Inlay Radius
-----
0.012117,0.012079,0.012098,0.012105,0.01208,0.012089,0.012086,0.0121,0.012088,0.012089,0.012096,0.012075,0.012101,0.012098,0.012071,0.012079,0.012114,0.012102,0.012075,0.012117
0.05,0.05,0.05,0.05,0.05,0.05,0.05,0.05,0.05,0.05,0.05,0.05,0.05,0.05,0.05,0.05,0.05,0.05,0.05,0.05
-0.9,-0.805263,-0.710526,-0.615789,-0.521053,-0.426316,-0.331579,-0.236842,-0.142105,-0.047368,0.047368,0.142105,0.236842,0.331579,0.426316,0.521053,0.615789,0.710526,0.805263,0.9
0.4,0.4,0.4,0.4,0.4,0.4,0.4,0.4,0.4,0.4,0.4,0.4,0.4,0.4,0.4,0.4,0.4,0.4,0.4,0.4
2.0,2.0,2.0,2.0,2.0,2.0,2.0,2.0,2.0,2.0,2.0,2.0,2.0,2.0,2.0,2.0,2.0,2.0,2.0,2.0
0.2,0.2,0.2,0.2,0.2,0.2,0.2,0.2,0.2,0.2,0.2,0.2,0.2,0.2,0.2,0.2,0.2,0.2,0.2,0.2
0.079789,0.079789,0.079789,0.079789,0.079789,0.079789,0.079789,0.079789,0.079789,0.079789,0.079789,0.079789,0.079789,0.079789,0.079789,0.079789,0.079789,0.079789,0.079789,0.079789
