kMean
kStDev
kStdErr
Volume Fraction
Inlay Radius
# Inlays/filler particles
-----
1.726824999999999888e-02,1.648776000000001102e-02,1.608195999999999584e-02,1.589747000000000035e-02,1.569981399999999597e-02,1.568726600000000179e-02,1.570161800000000052e-02,1.579146399999999464e-02,1.577601200000000245e-02,1.584642600000000373e-02,1.583118600000000403e-02,1.579140599999998701e-02,1.581082799999999206e-02,1.571896000000000404e-02,1.573457800000000253e-02,1.572477400000001080e-02,1.570456600000000313e-02,1.571519200000000976e-02,1.567520599999999709e-02,1.562052999999998144e-02,1.565011799999999759e-02,1.563816200000000406e-02,1.566412799999999592e-02,1.563011399999999704e-02,1.561656599999999492e-02,1.560383999999999556e-02,1.562144200000000101e-02,1.561203400000000553e-02,1.558877600000000904e-02,1.560446999999999702e-02,1.559291799999999555e-02,1.559602399999999653e-02,1.557217999999999797e-02,1.556175599999999257e-02,1.556336999999999304e-02,1.554327200000000554e-02
4.174337642069697184e-04,3.411259567960194861e-04,3.974474586659221286e-04,5.019051793914862305e-04,4.617624057932822245e-04,6.149170994890287584e-04,7.013111606669325928e-04,7.443228605276072402e-04,6.707147827922087550e-04,6.071480120398978957e-04,5.479466574439523620e-04,5.164628671685894071e-04,4.511834376570133523e-04,4.081300704432349962e-04,3.778489114924111895e-04,3.640297115950838361e-04,3.540540829364914642e-04,3.439428835373688318e-04,3.209261715161291768e-04,3.307408488529954300e-04,3.561803308381863227e-04,3.197386553984363894e-04,3.288669755630686743e-04,2.928756954818886632e-04,3.086922118291938934e-04,3.037033789736296070e-04,2.908290333443342823e-04,2.840436953076058615e-04,2.753375416175570206e-04,2.825247619236232409e-04,2.734233407666581241e-04,2.761015382499706406e-04,2.637030443510276307e-04,2.504148407423168756e-04,2.610807712184104370e-04,2.416613705497840288e-04
1.866820545740805647e-05,1.525561656571111714e-05,1.777439070123079410e-05,2.244588198757179265e-05,2.065064257615243414e-05,2.749992869968938820e-05,3.136358857261075853e-05,3.328713026693649451e-05,2.999527695674769677e-05,2.715248454650144702e-05,2.450491948176937066e-05,2.309692157686820391e-05,2.017753673846240503e-05,1.825213162345702103e-05,1.689791702642665829e-05,1.627990361912501558e-05,1.583377994314686334e-05,1.538159335933700009e-05,1.435225470537643173e-05,1.479118041942562152e-05,1.592886864005098527e-05,1.429914737010567638e-05,1.470737825827567419e-05,1.309779928110062034e-05,1.380513539549684405e-05,1.358202800762832078e-05,1.300626976776968911e-05,1.270282022576089367e-05,1.231346919629069704e-05,1.263489145976331600e-05,1.222786353178673967e-05,1.234763616438385209e-05,1.179315866085079333e-05,1.119889212949208821e-05,1.167588704124872635e-05,1.080742504170165558e-05
2.000000000000000111e-01,2.000000000000000111e-01,2.000000000000000111e-01,2.000000000000000111e-01,2.000000000000000111e-01,2.000000000000000111e-01,2.000000000000000111e-01,2.000000000000000111e-01,2.000000000000000111e-01,2.000000000000000111e-01,2.000000000000000111e-01,2.000000000000000111e-01,2.000000000000000111e-01,2.000000000000000111e-01,2.000000000000000111e-01,2.000000000000000111e-01,2.000000000000000111e-01,2.000000000000000111e-01,2.000000000000000111e-01,2.000000000000000111e-01,2.000000000000000111e-01,2.000000000000000111e-01,2.000000000000000111e-01,2.000000000000000111e-01,2.000000000000000111e-01,2.000000000000000111e-01,2.000000000000000111e-01,2.000000000000000111e-01,2.000000000000000111e-01,2.000000000000000111e-01,2.000000000000000111e-01,2.000000000000000111e-01,2.000000000000000111e-01,2.000000000000000111e-01,2.000000000000000111e-01,2.000000000000000111e-01
7.136599999999999888e-02,6.514799999999999758e-02,6.031500000000000056e-02,5.641999999999999793e-02,5.319299999999999723e-02,5.046300000000000091e-02,4.811499999999999805e-02,4.606600000000000278e-02,4.425899999999999973e-02,4.264899999999999941e-02,4.120299999999999657e-02,3.989499999999999991e-02,3.870300000000000129e-02,3.761300000000000060e-02,3.660999999999999671e-02,3.568299999999999944e-02,3.482299999999999979e-02,3.402199999999999669e-02,3.327399999999999802e-02,3.257399999999999879e-02,3.191599999999999993e-02,3.129599999999999743e-02,3.071099999999999872e-02,3.015800000000000078e-02,2.963299999999999962e-02,2.913500000000000117e-02,2.866099999999999898e-02,2.820999999999999897e-02,2.777900000000000161e-02,2.736699999999999897e-02,2.697400000000000145e-02,2.659600000000000158e-02,2.623500000000000137e-02,2.588700000000000029e-02,2.555299999999999933e-02,2.523200000000000096e-02
5.000000000000000000e+00,6.000000000000000000e+00,7.000000000000000000e+00,8.000000000000000000e+00,9.000000000000000000e+00,1.000000000000000000e+01,1.100000000000000000e+01,1.200000000000000000e+01,1.300000000000000000e+01,1.400000000000000000e+01,1.500000000000000000e+01,1.600000000000000000e+01,1.700000000000000000e+01,1.800000000000000000e+01,1.900000000000000000e+01,2.000000000000000000e+01,2.100000000000000000e+01,2.200000000000000000e+01,2.300000000000000000e+01,2.400000000000000000e+01,2.500000000000000000e+01,2.600000000000000000e+01,2.700000000000000000e+01,2.800000000000000000e+01,2.900000000000000000e+01,3.000000000000000000e+01,3.100000000000000000e+01,3.200000000000000000e+01,3.300000000000000000e+01,3.400000000000000000e+01,3.500000000000000000e+01,3.600000000000000000e+01,3.700000000000000000e+01,3.800000000000000000e+01,3.900000000000000000e+01,4.000000000000000000e+01
