kMean
kStDev
kStdErr
Volume Fraction
Inlay Radius
# Inlays/filler particles
-----
1.677574999999999900e-02,1.607080000000000314e-02,1.560514999999999819e-02,1.536749999999999748e-02,1.517745000000000032e-02,1.499210000000000299e-02,1.493429999999999758e-02,1.487259999999999624e-02,1.474890000000000055e-02,1.478519999999999834e-02,1.478470000000000305e-02,1.480505000000000362e-02,1.479899999999999792e-02,1.486354999999999968e-02,1.493295000000000039e-02,1.494739999999999958e-02,1.500349999999999774e-02,1.499504999999999935e-02,1.506150000000000024e-02,1.498799999999999785e-02,1.497535000000000185e-02,1.496355000000000081e-02,1.501044999999999983e-02,1.497089999999999879e-02,1.498504999999999976e-02,1.498285000000000242e-02,1.497050000000000117e-02,1.495474999999999756e-02,1.495545000000000034e-02,1.493069999999999987e-02,1.493294999999999692e-02,1.492779999999999975e-02,1.492859999999999673e-02,1.488025000000000111e-02,1.492040000000000033e-02,1.490624999999999936e-02,1.487545000000000187e-02,1.487565000000000068e-02,1.484410000000000243e-02,1.484630000000000324e-02,1.484620000000000037e-02,1.484650000000000206e-02,1.485060000000000026e-02,1.482959999999999834e-02,1.481050000000000422e-02,1.484935000000000074e-02
6.119957107692845723e-05,5.560899207861994524e-05,7.651423070253002983e-05,6.106512916550650943e-05,9.497287770726953323e-05,9.280350208909131729e-05,1.170162809185115081e-04,1.370114593747544967e-04,1.440548159555938223e-04,1.347147356453628477e-04,1.869452058759466277e-04,1.348838296461071068e-04,1.636270148844621631e-04,1.806035644720225554e-04,1.943788761671391273e-04,1.600016874911011318e-04,1.905259824800806180e-04,1.809987499956837529e-04,1.130347291764790331e-04,1.580673906914388527e-04,7.979616218841613265e-05,1.281157582032748656e-04,1.097034525436640310e-04,1.171246771607075516e-04,8.962169101283468185e-05,9.471392453066220473e-05,9.224776420054866665e-05,8.447359054757877690e-05,4.366975497984838496e-05,9.127710556322440839e-05,6.462698739690721228e-05,1.040224014335371696e-04,8.312364284606389383e-05,5.795763538999836815e-05,7.487549665945456088e-05,8.754820100950096444e-05,8.884563860989466840e-05,6.859757648780324837e-05,8.385815404598409432e-05,6.006421563626708173e-05,5.053671932367608227e-05,7.282478973536418688e-05,5.887648087309562566e-05,7.821470449985720795e-05,5.921528518887695058e-05,7.190985676525840826e-05
1.368464011218420346e-05,1.243454864480415188e-05,1.710910210969586313e-05,1.365457798688775498e-05,2.123658105722290380e-05,2.075149392212519321e-05,2.616563586080032405e-05,3.063669368584019057e-05,3.221163609629290793e-05,3.012313064739453053e-05,4.180221884063097762e-05,3.016094121541968920e-05,3.658811282370272820e-05,4.038418471382083621e-05,4.346443804997368425e-05,3.577746497447798776e-05,4.260290483053942270e-05,4.047255088328386281e-05,2.527533382568859316e-05,3.534494306120747353e-05,1.784296429968968586e-05,2.864755443314489106e-05,2.453043772540549686e-05,2.618987399740591447e-05,2.004001933631803316e-05,2.117867736663455350e-05,2.062722715247983387e-05,1.888886907678698229e-05,9.764854069570093437e-06,2.041018128287940011e-05,1.445103370005067042e-05,2.326011607881606834e-05,1.858701159412129301e-05,1.295972125471838728e-05,1.674267003795988258e-05,1.957637287650598504e-05,1.986648874361043865e-05,1.533888441184693395e-05,1.875125329144694669e-05,1.343076691778989758e-05,1.130035397675669113e-05,1.628411802954032289e-05,1.316518135082079787e-05,1.748933961017394150e-05,1.324094029893653299e-05,1.607953279793909211e-05
2.000000000000000111e-01,2.000000000000000111e-01,2.000000000000000111e-01,2.000000000000000111e-01,2.000000000000000111e-01,2.000000000000000111e-01,2.000000000000000111e-01,2.000000000000000111e-01,2.000000000000000111e-01,2.000000000000000111e-01,2.000000000000000111e-01,2.000000000000000111e-01,2.000000000000000111e-01,2.000000000000000111e-01,2.000000000000000111e-01,2.000000000000000111e-01,2.000000000000000111e-01,2.000000000000000111e-01,2.000000000000000111e-01,2.000000000000000111e-01,2.000000000000000111e-01,2.000000000000000111e-01,2.000000000000000111e-01,2.000000000000000111e-01,2.000000000000000111e-01,2.000000000000000111e-01,2.000000000000000111e-01,2.000000000000000111e-01,2.000000000000000111e-01,2.000000000000000111e-01,2.000000000000000111e-01,2.000000000000000111e-01,2.000000000000000111e-01,2.000000000000000111e-01,2.000000000000000111e-01,2.000000000000000111e-01,2.000000000000000111e-01,2.000000000000000111e-01,2.000000000000000111e-01,2.000000000000000111e-01,2.000000000000000111e-01,2.000000000000000111e-01,2.000000000000000111e-01,2.000000000000000111e-01,2.000000000000000111e-01,2.000000000000000111e-01
7.136599999999999888e-02,6.514799999999999758e-02,6.031500000000000056e-02,5.641999999999999793e-02,5.319299999999999723e-02,5.046300000000000091e-02,4.811499999999999805e-02,4.606600000000000278e-02,4.425899999999999973e-02,4.264899999999999941e-02,4.120299999999999657e-02,3.989499999999999991e-02,3.870300000000000129e-02,3.761300000000000060e-02,3.660999999999999671e-02,3.568299999999999944e-02,3.482299999999999979e-02,3.402199999999999669e-02,3.327399999999999802e-02,3.257399999999999879e-02,3.191599999999999993e-02,3.129599999999999743e-02,3.071099999999999872e-02,3.015800000000000078e-02,2.963299999999999962e-02,2.913500000000000117e-02,2.866099999999999898e-02,2.820999999999999897e-02,2.777900000000000161e-02,2.736699999999999897e-02,2.697400000000000145e-02,2.659600000000000158e-02,2.623500000000000137e-02,2.588700000000000029e-02,2.555299999999999933e-02,2.523200000000000096e-02,2.492199999999999971e-02,2.462400000000000005e-02,2.433499999999999899e-02,2.405699999999999852e-02,2.378900000000000112e-02,2.352900000000000130e-02,2.327699999999999908e-02,2.303300000000000139e-02,2.279700000000000129e-02,2.256800000000000125e-02
5.000000000000000000e+00,6.000000000000000000e+00,7.000000000000000000e+00,8.000000000000000000e+00,9.000000000000000000e+00,1.000000000000000000e+01,1.100000000000000000e+01,1.200000000000000000e+01,1.300000000000000000e+01,1.400000000000000000e+01,1.500000000000000000e+01,1.600000000000000000e+01,1.700000000000000000e+01,1.800000000000000000e+01,1.900000000000000000e+01,2.000000000000000000e+01,2.100000000000000000e+01,2.200000000000000000e+01,2.300000000000000000e+01,2.400000000000000000e+01,2.500000000000000000e+01,2.600000000000000000e+01,2.700000000000000000e+01,2.800000000000000000e+01,2.900000000000000000e+01,3.000000000000000000e+01,3.100000000000000000e+01,3.200000000000000000e+01,3.300000000000000000e+01,3.400000000000000000e+01,3.500000000000000000e+01,3.600000000000000000e+01,3.700000000000000000e+01,3.800000000000000000e+01,3.900000000000000000e+01,4.000000000000000000e+01,4.100000000000000000e+01,4.200000000000000000e+01,4.300000000000000000e+01,4.400000000000000000e+01,4.500000000000000000e+01,4.600000000000000000e+01,4.700000000000000000e+01,4.800000000000000000e+01,4.900000000000000000e+01,5.000000000000000000e+01
