kMean
kStDev
kStdErr
Volume Fraction
Inlay Radius
# Inlays/filler particles
-----
1.723275000000000501e-02,1.654298999999999700e-02,1.608836999999999767e-02,1.580231000000000691e-02,1.568740000000000412e-02,1.554961999999999143e-02,1.573084000000000288e-02,1.576719999999999858e-02,1.584521999999999667e-02,1.583199999999999538e-02,1.580511999999999195e-02,1.580553000000000166e-02,1.581092999999999735e-02,1.582546999999999426e-02,1.578356000000000203e-02,1.573724000000000650e-02,1.569734000000000060e-02,1.566132999999999761e-02,1.571468999999999644e-02,1.567455000000000584e-02,1.563419999999999740e-02,1.557384000000000025e-02,1.569958999999999591e-02,1.560812999999999610e-02,1.567801000000000611e-02,1.561775000000000142e-02,1.560657999999999837e-02,1.563741999999999563e-02,1.560730000000000797e-02,1.563120000000000134e-02,1.562728000000000381e-02,1.562134000000000092e-02,1.558419999999999944e-02,1.562447999999999788e-02,1.553202000000000228e-02,1.559909999999999249e-02,1.554706999999999617e-02,1.554948999999999221e-02,1.550772000000000261e-02,1.549853999999999989e-02,1.551905999999999772e-02,1.552812999999999069e-02,1.550545000000000742e-02,1.550241000000000119e-02,1.551099000000000228e-02,1.552936999999999547e-02
3.178917543756048397e-04,3.648195305901261480e-04,4.958690483383692421e-04,3.911185420048504842e-04,4.940273474211726327e-04,4.458902506222804716e-04,7.129688453221500822e-04,7.262204761640917404e-04,6.987709865184730650e-04,6.149877884966499161e-04,4.997872003162947109e-04,5.070202255334593745e-04,4.790655123258196618e-04,3.443730957842089380e-04,3.593859852581900724e-04,3.757630402261509560e-04,2.856212604131563794e-04,3.188317128204158635e-04,3.153008625107136956e-04,3.838985380279534912e-04,2.744922949738298540e-04,2.823735370037354668e-04,3.334513186358691711e-04,2.651398368785799547e-04,3.473709111310272369e-04,3.033851141700921999e-04,3.266544406555648870e-04,3.096854914263826334e-04,2.895158544881437711e-04,3.036824328142803979e-04,2.856037842886540367e-04,2.694690416355838606e-04,2.680901713976102056e-04,2.594223382825773354e-04,2.336927461433066706e-04,2.622216047544520100e-04,2.584187011421581180e-04,2.356756031073221089e-04,2.377695977201457647e-04,2.441840052091864268e-04,1.967670612678860910e-04,2.541386100142990550e-04,2.021678201396058636e-04,2.170171004782803312e-04,1.973825977638353534e-04,1.943771414029952420e-04
3.178917543756048532e-05,3.648195305901261480e-05,4.958690483383692150e-05,3.911185420048504977e-05,4.940273474211726463e-05,4.458902506222804581e-05,7.129688453221501364e-05,7.262204761640917133e-05,6.987709865184730650e-05,6.149877884966499161e-05,4.997872003162946838e-05,5.070202255334594016e-05,4.790655123258196483e-05,3.443730957842089109e-05,3.593859852581900860e-05,3.757630402261509425e-05,2.856212604131563794e-05,3.188317128204158906e-05,3.153008625107136685e-05,3.838985380279535183e-05,2.744922949738298540e-05,2.823735370037354600e-05,3.334513186358691711e-05,2.651398368785799479e-05,3.473709111310272233e-05,3.033851141700921863e-05,3.266544406555648870e-05,3.096854914263826199e-05,2.895158544881437778e-05,3.036824328142804114e-05,2.856037842886540367e-05,2.694690416355838470e-05,2.680901713976101920e-05,2.594223382825773422e-05,2.336927461433066774e-05,2.622216047544520236e-05,2.584187011421581180e-05,2.356756031073221224e-05,2.377695977201457715e-05,2.441840052091864201e-05,1.967670612678860842e-05,2.541386100142990415e-05,2.021678201396058704e-05,2.170171004782803380e-05,1.973825977638353669e-05,1.943771414029952556e-05
2.000000000000000111e-01,2.000000000000000111e-01,2.000000000000000111e-01,2.000000000000000111e-01,2.000000000000000111e-01,2.000000000000000111e-01,2.000000000000000111e-01,2.000000000000000111e-01,2.000000000000000111e-01,2.000000000000000111e-01,2.000000000000000111e-01,2.000000000000000111e-01,2.000000000000000111e-01,2.000000000000000111e-01,2.000000000000000111e-01,2.000000000000000111e-01,2.000000000000000111e-01,2.000000000000000111e-01,2.000000000000000111e-01,2.000000000000000111e-01,2.000000000000000111e-01,2.000000000000000111e-01,2.000000000000000111e-01,2.000000000000000111e-01,2.000000000000000111e-01,2.000000000000000111e-01,2.000000000000000111e-01,2.000000000000000111e-01,2.000000000000000111e-01,2.000000000000000111e-01,2.000000000000000111e-01,2.000000000000000111e-01,2.000000000000000111e-01,2.000000000000000111e-01,2.000000000000000111e-01,2.000000000000000111e-01,2.000000000000000111e-01,2.000000000000000111e-01,2.000000000000000111e-01,2.000000000000000111e-01,2.000000000000000111e-01,2.000000000000000111e-01,2.000000000000000111e-01,2.000000000000000111e-01,2.000000000000000111e-01,2.000000000000000111e-01
7.136599999999999888e-02,6.514799999999999758e-02,6.031500000000000056e-02,5.641999999999999793e-02,5.319299999999999723e-02,5.046300000000000091e-02,4.811499999999999805e-02,4.606600000000000278e-02,4.425899999999999973e-02,4.264899999999999941e-02,4.120299999999999657e-02,3.989499999999999991e-02,3.870300000000000129e-02,3.761300000000000060e-02,3.660999999999999671e-02,3.568299999999999944e-02,3.482299999999999979e-02,3.402199999999999669e-02,3.327399999999999802e-02,3.257399999999999879e-02,3.191599999999999993e-02,3.129599999999999743e-02,3.071099999999999872e-02,3.015800000000000078e-02,2.963299999999999962e-02,2.913500000000000117e-02,2.866099999999999898e-02,2.820999999999999897e-02,2.777900000000000161e-02,2.736699999999999897e-02,2.697400000000000145e-02,2.659600000000000158e-02,2.623500000000000137e-02,2.588700000000000029e-02,2.555299999999999933e-02,2.523200000000000096e-02,2.492199999999999971e-02,2.462400000000000005e-02,2.433499999999999899e-02,2.405699999999999852e-02,2.378900000000000112e-02,2.352900000000000130e-02,2.327699999999999908e-02,2.303300000000000139e-02,2.279700000000000129e-02,2.256800000000000125e-02
5.000000000000000000e+00,6.000000000000000000e+00,7.000000000000000000e+00,8.000000000000000000e+00,9.000000000000000000e+00,1.000000000000000000e+01,1.100000000000000000e+01,1.200000000000000000e+01,1.300000000000000000e+01,1.400000000000000000e+01,1.500000000000000000e+01,1.600000000000000000e+01,1.700000000000000000e+01,1.800000000000000000e+01,1.900000000000000000e+01,2.000000000000000000e+01,2.100000000000000000e+01,2.200000000000000000e+01,2.300000000000000000e+01,2.400000000000000000e+01,2.500000000000000000e+01,2.600000000000000000e+01,2.700000000000000000e+01,2.800000000000000000e+01,2.900000000000000000e+01,3.000000000000000000e+01,3.100000000000000000e+01,3.200000000000000000e+01,3.300000000000000000e+01,3.400000000000000000e+01,3.500000000000000000e+01,3.600000000000000000e+01,3.700000000000000000e+01,3.800000000000000000e+01,3.900000000000000000e+01,4.000000000000000000e+01,4.100000000000000000e+01,4.200000000000000000e+01,4.300000000000000000e+01,4.400000000000000000e+01,4.500000000000000000e+01,4.600000000000000000e+01,4.700000000000000000e+01,4.800000000000000000e+01,4.900000000000000000e+01,5.000000000000000000e+01
