kMean
kStDev
kStdErr
Volume Fraction
Inlay Radius
# Inlays/filler particles
-----
2.041704999999999909e-02,1.875130000000000199e-02,1.798329999999999720e-02,1.744244999999999823e-02,1.703204999999999997e-02,1.677650000000000322e-02,1.661190000000000583e-02,1.654229999999999937e-02,1.643345000000000222e-02,1.644870000000000360e-02,1.642139999999999572e-02,1.655395000000000130e-02,1.649339999999999834e-02,1.663890000000000161e-02,1.677155000000000312e-02,1.685065000000000174e-02,1.690424999999999914e-02,1.686934999999999824e-02,1.696404999999999788e-02,1.693595000000000170e-02,1.690054999999999683e-02,1.681909999999999655e-02,1.688909999999999717e-02,1.683314999999999811e-02,1.676590000000000372e-02,1.676070000000000337e-02,1.683459999999999818e-02,1.676089999999999872e-02,1.671470000000000594e-02,1.671115000000000100e-02,1.673829999999999762e-02,1.669754999999999850e-02,1.670269999999999741e-02,1.665494999999999823e-02,1.669385000000000313e-02,1.667560000000000223e-02,1.660709999999999617e-02,1.663830000000000170e-02,1.668545000000000098e-02,1.661720000000000558e-02,1.660570000000000102e-02,1.663380000000000067e-02,1.664505000000000151e-02,1.658659999999999995e-02,1.659609999999999905e-02,1.665149999999999617e-02
8.504085782728171435e-05,1.225757316926968400e-04,1.639792974737968667e-04,1.500694755771474491e-04,1.772310568156717939e-04,1.498877913640732536e-04,1.580078795503563689e-04,1.952595964351047100e-04,2.145915830129412614e-04,2.826096424398853247e-04,3.674393011097204400e-04,3.403316727840649276e-04,3.017655381252141566e-04,2.640940930804776612e-04,2.863142460654026153e-04,3.995049780666069415e-04,2.879267050830820697e-04,3.005941241940703946e-04,3.156604940438382796e-04,2.034466699162219730e-04,1.878580514643968745e-04,1.807373508713681887e-04,1.774313670127131647e-04,1.978361127297037264e-04,1.412384154541532764e-04,1.530447973633863575e-04,1.595535646734350132e-04,1.786706187373850532e-04,1.376949890155776055e-04,1.228577531131020795e-04,1.242316787297025786e-04,1.465713051726019679e-04,1.102452266540372396e-04,1.127876212179330408e-04,1.194827498009651642e-04,1.450397876446319083e-04,1.263759866430328675e-04,1.360378991310873318e-04,1.312846049618920897e-04,1.176905263816932582e-04,1.440829969149728484e-04,1.251229795041657912e-04,1.293767656884342631e-04,1.454212501665416593e-04,1.630045704880698023e-04,1.086091616761684415e-04
1.901571389666969846e-05,2.740876684566454982e-05,3.666688560540693132e-05,3.355655487382461704e-05,3.963006907639695129e-05,3.351592904873736920e-05,3.533163596551956975e-05,4.366137308880697410e-05,4.798413670162257627e-05,6.319343715924931424e-05,8.216192548863488117e-05,7.610047552413842363e-05,6.747682565147832792e-05,5.905323445841048922e-05,6.402181171288419328e-05,8.933202883064955582e-05,6.438236851033057569e-05,6.721488953349555242e-05,7.058383224931897865e-05,4.549205837286337769e-05,4.200633731950453349e-05,4.041410026216101013e-05,3.967485979811403974e-05,4.423749964679289670e-05,3.158186979898435127e-05,3.422185705072124849e-05,3.567726166622096911e-05,3.995196490787405791e-05,3.078953555999183457e-05,2.747182875237826568e-05,2.777904785985296852e-05,3.277434019168045076e-05,2.465158209932989390e-05,2.522007880637958991e-05,2.671715506935575484e-05,3.243188246155310583e-05,2.825852968574269177e-05,3.041899899733708281e-05,2.935613010939968931e-05,2.631640172971984668e-05,3.221793755037717736e-05,2.797834877186276177e-05,2.892952427884013634e-05,3.251718007453897348e-05,3.644893002544801191e-05,2.428574684871776296e-05
2.500000000000000000e-01,2.500000000000000000e-01,2.500000000000000000e-01,2.500000000000000000e-01,2.500000000000000000e-01,2.500000000000000000e-01,2.500000000000000000e-01,2.500000000000000000e-01,2.500000000000000000e-01,2.500000000000000000e-01,2.500000000000000000e-01,2.500000000000000000e-01,2.500000000000000000e-01,2.500000000000000000e-01,2.500000000000000000e-01,2.500000000000000000e-01,2.500000000000000000e-01,2.500000000000000000e-01,2.500000000000000000e-01,2.500000000000000000e-01,2.500000000000000000e-01,2.500000000000000000e-01,2.500000000000000000e-01,2.500000000000000000e-01,2.500000000000000000e-01,2.500000000000000000e-01,2.500000000000000000e-01,2.500000000000000000e-01,2.500000000000000000e-01,2.500000000000000000e-01,2.500000000000000000e-01,2.500000000000000000e-01,2.500000000000000000e-01,2.500000000000000000e-01,2.500000000000000000e-01,2.500000000000000000e-01,2.500000000000000000e-01,2.500000000000000000e-01,2.500000000000000000e-01,2.500000000000000000e-01,2.500000000000000000e-01,2.500000000000000000e-01,2.500000000000000000e-01,2.500000000000000000e-01,2.500000000000000000e-01,2.500000000000000000e-01
7.978899999999999881e-02,7.283699999999999897e-02,6.743399999999999395e-02,6.307899999999999618e-02,5.947100000000000303e-02,5.641999999999999793e-02,5.379400000000000154e-02,5.150400000000000117e-02,4.948299999999999921e-02,4.768300000000000316e-02,4.606600000000000278e-02,4.460399999999999782e-02,4.327199999999999797e-02,4.205300000000000010e-02,4.093100000000000210e-02,3.989499999999999991e-02,3.893300000000000233e-02,3.803800000000000237e-02,3.720199999999999896e-02,3.641899999999999998e-02,3.568299999999999944e-02,3.499000000000000027e-02,3.433599999999999847e-02,3.371699999999999697e-02,3.313100000000000073e-02,3.257399999999999879e-02,3.204400000000000304e-02,3.153899999999999759e-02,3.105799999999999880e-02,3.059800000000000020e-02,3.015800000000000078e-02,2.973599999999999854e-02,2.933099999999999943e-02,2.894299999999999998e-02,2.856900000000000064e-02,2.820999999999999897e-02,2.786399999999999988e-02,2.752999999999999892e-02,2.720799999999999955e-02,2.689700000000000077e-02,2.659600000000000158e-02,2.630599999999999952e-02,2.602399999999999852e-02,2.575200000000000058e-02,2.548800000000000024e-02,2.523200000000000096e-02
5.000000000000000000e+00,6.000000000000000000e+00,7.000000000000000000e+00,8.000000000000000000e+00,9.000000000000000000e+00,1.000000000000000000e+01,1.100000000000000000e+01,1.200000000000000000e+01,1.300000000000000000e+01,1.400000000000000000e+01,1.500000000000000000e+01,1.600000000000000000e+01,1.700000000000000000e+01,1.800000000000000000e+01,1.900000000000000000e+01,2.000000000000000000e+01,2.100000000000000000e+01,2.200000000000000000e+01,2.300000000000000000e+01,2.400000000000000000e+01,2.500000000000000000e+01,2.600000000000000000e+01,2.700000000000000000e+01,2.800000000000000000e+01,2.900000000000000000e+01,3.000000000000000000e+01,3.100000000000000000e+01,3.200000000000000000e+01,3.300000000000000000e+01,3.400000000000000000e+01,3.500000000000000000e+01,3.600000000000000000e+01,3.700000000000000000e+01,3.800000000000000000e+01,3.900000000000000000e+01,4.000000000000000000e+01,4.100000000000000000e+01,4.200000000000000000e+01,4.300000000000000000e+01,4.400000000000000000e+01,4.500000000000000000e+01,4.600000000000000000e+01,4.700000000000000000e+01,4.800000000000000000e+01,4.900000000000000000e+01,5.000000000000000000e+01
