kMean
kStDev
kStdErr
Volume Fraction
Inlay Radius
# Inlays/filler particles
-----
1.210080000000000010e-02,1.139270000000000040e-02,1.123444999999999999e-02,1.117199999999999790e-02,1.116244999999999911e-02,1.113700000000000107e-02,1.112209999999999935e-02,1.111479999999999760e-02,1.111444999999999968e-02,1.110210000000000016e-02,1.110440000000000038e-02,1.109750000000000146e-02,1.108840000000000173e-02,1.107985000000000046e-02,1.109160000000000180e-02,1.107980000000000249e-02,1.107775000000000079e-02,1.107064999999999785e-02,1.107679999999999949e-02,1.108450000000000060e-02,1.107115000000000009e-02,1.107589999999999963e-02,1.107570000000000082e-02,1.106409999999999859e-02,1.106940000000000181e-02
2.593376177880886717e-05,6.799860292682494362e-05,3.140935370236074573e-05,3.595830919273032154e-05,4.938570137195565356e-05,5.836351600100851971e-05,3.994483696299197046e-05,5.731108095298843364e-05,4.148912508115817449e-05,4.355674459828224351e-05,3.353416168625675096e-05,4.014785174825672348e-05,2.705069315193222443e-05,3.371242352605341913e-05,2.836793965024616001e-05,3.148428179266594181e-05,2.253192179997066946e-05,2.154593929259053999e-05,2.499919998719960028e-05,2.182544386719312802e-05,2.079008176992100989e-05,2.072172772719495527e-05,2.061091943606559347e-05,1.950615287543914757e-05,1.794268653240108707e-05
5.798965424970248947e-06,1.520494985193967166e-05,7.023345000781331913e-06,8.040522371090057683e-06,1.104297853841974617e-05,1.305047891841517299e-05,8.931937079939630079e-06,1.281514728748755686e-05,9.277250400846114508e-06,9.739584180035586072e-06,7.498466509893906724e-06,8.977332565968579501e-06,6.048718872620849799e-06,7.538327069051859738e-06,6.343264143956201894e-06,7.040099431115998512e-06,5.038290880844383066e-06,4.817818489731617405e-06,5.589991055449017359e-06,4.880317612614972636e-06,4.648803609532251926e-06,4.633519180925013651e-06,4.608741693781429360e-06,4.361708380898492321e-06,4.012106678541880823e-06
5.000000000000000278e-02,5.000000000000000278e-02,5.000000000000000278e-02,5.000000000000000278e-02,5.000000000000000278e-02,5.000000000000000278e-02,5.000000000000000278e-02,5.000000000000000278e-02,5.000000000000000278e-02,5.000000000000000278e-02,5.000000000000000278e-02,5.000000000000000278e-02,5.000000000000000278e-02,5.000000000000000278e-02,5.000000000000000278e-02,5.000000000000000278e-02,5.000000000000000278e-02,5.000000000000000278e-02,5.000000000000000278e-02,5.000000000000000278e-02,5.000000000000000278e-02,5.000000000000000278e-02,5.000000000000000278e-02,5.000000000000000278e-02,5.000000000000000278e-02
7.978899999999999881e-02,5.641999999999999793e-02,4.606600000000000278e-02,3.989499999999999991e-02,3.568299999999999944e-02,3.257399999999999879e-02,3.015800000000000078e-02,2.820999999999999897e-02,2.659600000000000158e-02,2.523200000000000096e-02,2.405699999999999852e-02,2.303300000000000139e-02,2.213000000000000037e-02,2.132500000000000021e-02,2.060100000000000126e-02,1.994699999999999945e-02,1.935200000000000115e-02,1.880700000000000080e-02,1.830499999999999836e-02,1.784099999999999922e-02,1.741099999999999939e-02,1.701099999999999834e-02,1.663699999999999901e-02,1.628699999999999939e-02,1.595799999999999996e-02
1.000000000000000000e+00,2.000000000000000000e+00,3.000000000000000000e+00,4.000000000000000000e+00,5.000000000000000000e+00,6.000000000000000000e+00,7.000000000000000000e+00,8.000000000000000000e+00,9.000000000000000000e+00,1.000000000000000000e+01,1.100000000000000000e+01,1.200000000000000000e+01,1.300000000000000000e+01,1.400000000000000000e+01,1.500000000000000000e+01,1.600000000000000000e+01,1.700000000000000000e+01,1.800000000000000000e+01,1.900000000000000000e+01,2.000000000000000000e+01,2.100000000000000000e+01,2.200000000000000000e+01,2.300000000000000000e+01,2.400000000000000000e+01,2.500000000000000000e+01
