kMean
kStDev
kStdErr
Volume Fraction
Inlay Radius
# Inlays/filler particles
-----
2.649459000000000189e-02,2.265047666666665169e-02,2.094306000000000292e-02,1.995623999999999315e-02,1.936120999999998288e-02,1.891608333333333683e-02,1.864553333333334589e-02,1.850281333333331918e-02,1.842823333333333188e-02,1.849266000000000798e-02,1.855484666666668350e-02,1.870686333333331994e-02,1.889371666666667463e-02,1.912722333333334232e-02,1.932499666666668073e-02,1.944394333333333488e-02,1.948392333333334725e-02,1.942166000000000031e-02,1.939104666666665797e-02,1.940421666666667169e-02,1.937906666666668054e-02,1.928266333333332819e-02,1.923314000000000273e-02,1.916181666666666797e-02,1.913552333333334507e-02,1.910058666666664823e-02
1.512741283233851638e-04,2.016627947562190011e-04,2.691697662566632475e-04,2.931324428763671286e-04,3.005056503628509320e-04,3.242872847577524600e-04,3.972708675730228316e-04,5.024461680839275614e-04,4.793207334922574224e-04,5.576959485836941030e-04,5.731188851267151512e-04,6.227065691979027841e-04,6.082621335045900173e-04,6.812804562896418491e-04,6.455648198713709362e-04,5.927076683511208009e-04,5.213221628278961930e-04,4.975334739827397572e-04,4.309273850146399642e-04,3.852725135825578635e-04,3.513724076942992963e-04,3.262257755842652967e-04,2.949175936879091186e-04,3.010970104837014253e-04,2.892394096976106895e-04,2.767532279044916362e-04
8.733815870893240604e-06,1.164300688380352832e-05,1.554052370059931531e-05,1.692400948028831536e-05,1.734970181299955340e-05,1.872273511496612029e-05,2.293644423344808736e-05,2.900874303965515175e-05,2.767359545099236755e-05,3.219859060407594554e-05,3.308903426055671376e-05,3.595198053525574812e-05,3.511803065167311272e-05,3.933374548324557342e-05,3.727170225320882720e-05,3.421999318732749779e-05,3.009854910432037511e-05,2.872510851347844266e-05,2.487960417393838755e-05,2.224371894282535107e-05,2.028649541681106197e-05,1.883465393501699967e-05,1.702707521044709752e-05,1.738384400549565633e-05,1.669924510491639844e-05,1.597835506297560834e-05
2.999999999999999889e-01,2.999999999999999889e-01,2.999999999999999889e-01,2.999999999999999889e-01,2.999999999999999889e-01,2.999999999999999889e-01,2.999999999999999889e-01,2.999999999999999889e-01,2.999999999999999889e-01,2.999999999999999889e-01,2.999999999999999889e-01,2.999999999999999889e-01,2.999999999999999889e-01,2.999999999999999889e-01,2.999999999999999889e-01,2.999999999999999889e-01,2.999999999999999889e-01,2.999999999999999889e-01,2.999999999999999889e-01,2.999999999999999889e-01,2.999999999999999889e-01,2.999999999999999889e-01,2.999999999999999889e-01,2.999999999999999889e-01,2.999999999999999889e-01,2.999999999999999889e-01
8.740499999999999658e-02,7.978899999999999881e-02,7.387100000000000610e-02,6.909999999999999476e-02,6.514799999999999758e-02,6.180399999999999783e-02,5.892800000000000121e-02,5.641999999999999793e-02,5.420599999999999724e-02,5.223400000000000265e-02,5.046300000000000091e-02,4.886100000000000165e-02,4.740199999999999969e-02,4.606600000000000278e-02,4.483800000000000285e-02,4.370199999999999779e-02,4.264899999999999941e-02,4.166899999999999771e-02,4.075299999999999756e-02,3.989499999999999991e-02,3.908899999999999875e-02,3.833000000000000296e-02,3.761300000000000060e-02,3.693500000000000255e-02,3.629299999999999887e-02,3.568299999999999944e-02
5.000000000000000000e+00,6.000000000000000000e+00,7.000000000000000000e+00,8.000000000000000000e+00,9.000000000000000000e+00,1.000000000000000000e+01,1.100000000000000000e+01,1.200000000000000000e+01,1.300000000000000000e+01,1.400000000000000000e+01,1.500000000000000000e+01,1.600000000000000000e+01,1.700000000000000000e+01,1.800000000000000000e+01,1.900000000000000000e+01,2.000000000000000000e+01,2.100000000000000000e+01,2.200000000000000000e+01,2.300000000000000000e+01,2.400000000000000000e+01,2.500000000000000000e+01,2.600000000000000000e+01,2.700000000000000000e+01,2.800000000000000000e+01,2.900000000000000000e+01,3.000000000000000000e+01
