kMean
kStDev
kStdErr
Volume Fraction
Inlay Radius
# Inlays/filler particles
-----
1.209833999999999909e-02,1.136897999999999902e-02,1.124133999999999897e-02,1.119694000000000418e-02,1.114798000000000004e-02,1.115124000000000150e-02,1.111982000000000075e-02,1.111554000000000188e-02,1.110285999999999912e-02,1.110500000000000202e-02,1.110084000000000244e-02,1.109455999999999984e-02,1.109811999999999604e-02,1.108060000000000121e-02,1.108723999999999994e-02,1.107723999999999862e-02,1.107894000000000240e-02,1.108080000000000002e-02,1.107849999999999807e-02,1.106896000000000616e-02,1.107006000000000136e-02,1.107218000000000091e-02,1.106549999999999895e-02,1.106663999999999912e-02,1.106525999999999864e-02
2.237731887425302790e-05,3.346191267695257875e-05,3.087757114800320320e-05,7.067373203673342843e-05,4.508857504956213276e-05,7.087497724867367955e-05,4.916368171730026257e-05,4.229194249499543154e-05,3.777671769754489340e-05,4.984736703177012170e-05,3.945851492390463637e-05,4.460679768824476251e-05,3.556326194262834586e-05,2.764344406907356903e-05,3.457950838285592932e-05,2.408780604372267158e-05,2.503550279103646976e-05,2.339658094679647850e-05,2.292967509582303820e-05,2.284028020843885103e-05,1.954114633280238321e-05,2.332354175505935872e-05,1.711402933268492784e-05,1.901553049483494342e-05,1.866634404483111085e-05
3.164630784151607060e-06,4.732229073069053609e-06,4.366747989064630692e-06,9.994775034987030837e-06,6.376487434316790965e-06,1.002323540579588700e-05,6.952794546080020119e-06,5.980983865552557089e-06,5.342434650980770974e-06,7.049482250491879444e-06,5.580276695648710790e-06,6.308353826474856444e-06,5.029404736149194582e-06,3.909373351318593443e-06,4.890280973522898759e-06,3.406530199484520506e-06,3.540554758791324892e-06,3.308776208811952729e-06,3.242745750132153695e-06,3.230103403917600488e-06,2.763535416816640164e-06,3.298446907258012220e-06,2.420289238913399320e-06,2.689202112151474536e-06,2.639819690812241251e-06
5.000000000000000278e-02,5.000000000000000278e-02,5.000000000000000278e-02,5.000000000000000278e-02,5.000000000000000278e-02,5.000000000000000278e-02,5.000000000000000278e-02,5.000000000000000278e-02,5.000000000000000278e-02,5.000000000000000278e-02,5.000000000000000278e-02,5.000000000000000278e-02,5.000000000000000278e-02,5.000000000000000278e-02,5.000000000000000278e-02,5.000000000000000278e-02,5.000000000000000278e-02,5.000000000000000278e-02,5.000000000000000278e-02,5.000000000000000278e-02,5.000000000000000278e-02,5.000000000000000278e-02,5.000000000000000278e-02,5.000000000000000278e-02,5.000000000000000278e-02
7.978899999999999881e-02,5.641999999999999793e-02,4.606600000000000278e-02,3.989499999999999991e-02,3.568299999999999944e-02,3.257399999999999879e-02,3.015800000000000078e-02,2.820999999999999897e-02,2.659600000000000158e-02,2.523200000000000096e-02,2.405699999999999852e-02,2.303300000000000139e-02,2.213000000000000037e-02,2.132500000000000021e-02,2.060100000000000126e-02,1.994699999999999945e-02,1.935200000000000115e-02,1.880700000000000080e-02,1.830499999999999836e-02,1.784099999999999922e-02,1.741099999999999939e-02,1.701099999999999834e-02,1.663699999999999901e-02,1.628699999999999939e-02,1.595799999999999996e-02
1.000000000000000000e+00,2.000000000000000000e+00,3.000000000000000000e+00,4.000000000000000000e+00,5.000000000000000000e+00,6.000000000000000000e+00,7.000000000000000000e+00,8.000000000000000000e+00,9.000000000000000000e+00,1.000000000000000000e+01,1.100000000000000000e+01,1.200000000000000000e+01,1.300000000000000000e+01,1.400000000000000000e+01,1.500000000000000000e+01,1.600000000000000000e+01,1.700000000000000000e+01,1.800000000000000000e+01,1.900000000000000000e+01,2.000000000000000000e+01,2.100000000000000000e+01,2.200000000000000000e+01,2.300000000000000000e+01,2.400000000000000000e+01,2.500000000000000000e+01
