kMean
kStDev
kStdErr
Volume Fraction
Inlay Radius
# Inlays/filler particles
-----
2.655594333333332474e-02,2.269671666666666851e-02,2.097161666666666827e-02,1.997411333333331748e-02,1.936041000000000498e-02,1.896485666666666500e-02,1.869171333333332144e-02,1.854644666666667788e-02,1.846861666666665264e-02,1.848986666666668430e-02,1.860682999999999088e-02,1.869172000000002276e-02,1.890776333333334114e-02,1.911927000000000418e-02,1.932330000000000853e-02,1.942822999999999425e-02,1.946821666666665590e-02,1.951371666666666671e-02,1.944179666666667056e-02,1.946416000000002200e-02,1.941834333333334120e-02,1.935060333333334104e-02,1.931661666666665764e-02,1.922770999999999855e-02,1.921296666666666778e-02,1.911085333333335107e-02,1.914285666666665567e-02,1.905137666666668547e-02,1.903902333333334224e-02,1.901505666666667912e-02,1.900084000000001883e-02,1.894610666666666360e-02,1.892233999999999236e-02,1.889568000000000150e-02,1.888946000000001069e-02,1.886104333333333063e-02,1.882706333333334162e-02,1.885438999999999518e-02,1.884310666666666120e-02,1.883167333333333679e-02,1.885962333333333907e-02,1.885919333333331907e-02,1.885942000000000174e-02,1.885375999999998678e-02,1.887828666666666738e-02,1.889005000000000892e-02
1.460763503179834456e-04,2.202133277579316085e-04,2.489971814878411279e-04,2.830066792301709488e-04,3.123620792712626789e-04,3.886792629605487995e-04,4.145537092129588817e-04,4.222427901364595435e-04,5.129502149873371502e-04,6.000856624034789496e-04,5.594626717664010146e-04,5.993858814931609302e-04,6.508551405565518458e-04,5.857729910980874173e-04,6.256833570851420877e-04,5.854776372899878631e-04,5.202208342510791913e-04,4.792827937542602193e-04,4.410443537660229600e-04,4.131328370714032689e-04,3.455438690753397644e-04,3.035385082471233763e-04,3.419482559134086959e-04,3.054432067777358532e-04,3.064132703102497241e-04,2.809619757586820062e-04,2.931888858549875623e-04,2.427189762988372684e-04,2.421192188204443257e-04,2.592525154919212479e-04,2.501643081390043152e-04,2.476280718245724480e-04,2.581809915543744130e-04,2.475051600808892685e-04,2.596543633371101861e-04,2.690479786002654525e-04,2.498478857002573664e-04,2.803883222128433338e-04,2.633220372260717504e-04,3.017896728223519302e-04,2.865694821892628835e-04,2.749176287949214696e-04,2.628412897548632640e-04,2.930688242262102393e-04,2.944289577394784436e-04,2.712207357485781870e-04
8.433722017832581680e-06,1.271402240601850843e-05,1.437585897594631603e-05,1.633939824360012568e-05,1.803423305518946963e-05,2.244040770986981752e-05,2.393426956076596281e-05,2.437819885486635640e-05,2.961519447038154712e-05,3.464596187254834431e-05,3.230059241458788425e-05,3.460556000285375911e-05,3.757713906037769071e-05,3.381961940944929861e-05,3.612384546405754849e-05,3.380256714938805363e-05,3.003496386929122318e-05,2.767140499919779989e-05,2.546370763713778717e-05,2.385223546942484706e-05,1.994998458274721919e-05,1.752480394458941150e-05,1.974239176005295463e-05,1.763477176552682917e-05,1.769077840968962290e-05,1.622134723363241401e-05,1.692726821717835202e-05,1.401338663035640727e-05,1.397875961619654207e-05,1.496795096073483462e-05,1.444324306456906086e-05,1.429681339268248784e-05,1.490608649735625521e-05,1.428971707985228240e-05,1.499115165689414461e-05,1.553349228697879208e-05,1.442497440655024327e-05,1.618822733072126222e-05,1.520290490760331686e-05,1.742383488426339661e-05,1.654509676835025863e-05,1.587237669897215224e-05,1.517514893941187099e-05,1.692033645580895735e-05,1.699886380081088070e-05,1.565893647942499708e-05
2.999999999999999889e-01,2.999999999999999889e-01,2.999999999999999889e-01,2.999999999999999889e-01,2.999999999999999889e-01,2.999999999999999889e-01,2.999999999999999889e-01,2.999999999999999889e-01,2.999999999999999889e-01,2.999999999999999889e-01,2.999999999999999889e-01,2.999999999999999889e-01,2.999999999999999889e-01,2.999999999999999889e-01,2.999999999999999889e-01,2.999999999999999889e-01,2.999999999999999889e-01,2.999999999999999889e-01,2.999999999999999889e-01,2.999999999999999889e-01,2.999999999999999889e-01,2.999999999999999889e-01,2.999999999999999889e-01,2.999999999999999889e-01,2.999999999999999889e-01,2.999999999999999889e-01,2.999999999999999889e-01,2.999999999999999889e-01,2.999999999999999889e-01,2.999999999999999889e-01,2.999999999999999889e-01,2.999999999999999889e-01,2.999999999999999889e-01,2.999999999999999889e-01,2.999999999999999889e-01,2.999999999999999889e-01,2.999999999999999889e-01,2.999999999999999889e-01,2.999999999999999889e-01,2.999999999999999889e-01,2.999999999999999889e-01,2.999999999999999889e-01,2.999999999999999889e-01,2.999999999999999889e-01,2.999999999999999889e-01,2.999999999999999889e-01
8.740499999999999658e-02,7.978899999999999881e-02,7.387100000000000610e-02,6.909999999999999476e-02,6.514799999999999758e-02,6.180399999999999783e-02,5.892800000000000121e-02,5.641999999999999793e-02,5.420599999999999724e-02,5.223400000000000265e-02,5.046300000000000091e-02,4.886100000000000165e-02,4.740199999999999969e-02,4.606600000000000278e-02,4.483800000000000285e-02,4.370199999999999779e-02,4.264899999999999941e-02,4.166899999999999771e-02,4.075299999999999756e-02,3.989499999999999991e-02,3.908899999999999875e-02,3.833000000000000296e-02,3.761300000000000060e-02,3.693500000000000255e-02,3.629299999999999887e-02,3.568299999999999944e-02,3.510300000000000226e-02,3.454999999999999738e-02,3.402199999999999669e-02,3.351799999999999918e-02,3.303600000000000286e-02,3.257399999999999879e-02,3.213099999999999984e-02,3.170499999999999707e-02,3.129599999999999743e-02,3.090199999999999891e-02,3.052300000000000152e-02,3.015800000000000078e-02,2.980500000000000163e-02,2.946400000000000061e-02,2.913500000000000117e-02,2.881600000000000134e-02,2.850799999999999862e-02,2.820999999999999897e-02,2.792000000000000037e-02,2.764000000000000137e-02
5.000000000000000000e+00,6.000000000000000000e+00,7.000000000000000000e+00,8.000000000000000000e+00,9.000000000000000000e+00,1.000000000000000000e+01,1.100000000000000000e+01,1.200000000000000000e+01,1.300000000000000000e+01,1.400000000000000000e+01,1.500000000000000000e+01,1.600000000000000000e+01,1.700000000000000000e+01,1.800000000000000000e+01,1.900000000000000000e+01,2.000000000000000000e+01,2.100000000000000000e+01,2.200000000000000000e+01,2.300000000000000000e+01,2.400000000000000000e+01,2.500000000000000000e+01,2.600000000000000000e+01,2.700000000000000000e+01,2.800000000000000000e+01,2.900000000000000000e+01,3.000000000000000000e+01,3.100000000000000000e+01,3.200000000000000000e+01,3.300000000000000000e+01,3.400000000000000000e+01,3.500000000000000000e+01,3.600000000000000000e+01,3.700000000000000000e+01,3.800000000000000000e+01,3.900000000000000000e+01,4.000000000000000000e+01,4.100000000000000000e+01,4.200000000000000000e+01,4.300000000000000000e+01,4.400000000000000000e+01,4.500000000000000000e+01,4.600000000000000000e+01,4.700000000000000000e+01,4.800000000000000000e+01,4.900000000000000000e+01,5.000000000000000000e+01
