kMean
kStDev
kStdErr
Volume Fraction
Inlay Radius
# Inlays/filler particles
-----
2.622898000000000590e-02,2.238867333333335874e-02,2.069786999999998975e-02,1.971842666666667396e-02,1.908726333333333677e-02,1.864881333333331948e-02,1.833999000000001434e-02,1.816196000000000477e-02,1.807607666666667320e-02,1.805677666666665945e-02,1.810018333333333548e-02,1.822611000000001064e-02,1.838915999999999468e-02,1.847777666666667457e-02,1.862794999999999729e-02,1.872580666666666740e-02,1.878927999999998807e-02,1.890229000000001949e-02,1.893894333333333291e-02,1.895026999999999823e-02,1.892202666666665048e-02,1.888399000000000327e-02,1.885535999999998769e-02,1.880773333333334019e-02,1.878204000000000332e-02,1.875271000000000576e-02
6.899410312966370077e-05,9.586323568269296638e-05,1.218758648516323476e-04,1.456045945551015736e-04,1.647316625775250372e-04,1.999569915979156434e-04,2.463109076621117764e-04,2.857112150406419934e-04,3.352250648776463086e-04,3.560165072795861362e-04,4.325737737337092170e-04,4.094347134363018675e-04,4.326196648327489927e-04,4.190921141255491583e-04,4.015126575422830742e-04,3.547643574105055768e-04,3.462091683746498804e-04,3.142500478387658482e-04,3.253686936213882235e-04,2.863674628282108061e-04,2.741993300907609671e-04,2.458944961428240639e-04,2.383499466470817183e-04,2.061887700358311045e-04,1.926727062490514973e-04,1.865669296347380747e-04
3.983376401440813839e-06,5.534666492679132093e-06,7.036506337980837791e-06,8.406485186163420765e-06,9.510786973318866960e-06,1.154452229254043258e-05,1.422076688430612704e-05,1.649554469142096891e-05,1.935422814462188539e-05,2.055462263138193831e-05,2.497465847095292588e-05,2.363872420180261491e-05,2.497730799479132752e-05,2.419629449056351326e-05,2.318134409150791509e-05,2.048232972498399839e-05,1.998839565570205472e-05,1.814323497125642324e-05,1.878517028481853403e-05,1.653343317510176479e-05,1.583090570395158768e-05,1.419672535403068570e-05,1.376114058580255567e-05,1.190431418840649271e-05,1.112396388183835539e-05,1.077144670464979785e-05
2.999999999999999889e-01,2.999999999999999889e-01,2.999999999999999889e-01,2.999999999999999889e-01,2.999999999999999889e-01,2.999999999999999889e-01,2.999999999999999889e-01,2.999999999999999889e-01,2.999999999999999889e-01,2.999999999999999889e-01,2.999999999999999889e-01,2.999999999999999889e-01,2.999999999999999889e-01,2.999999999999999889e-01,2.999999999999999889e-01,2.999999999999999889e-01,2.999999999999999889e-01,2.999999999999999889e-01,2.999999999999999889e-01,2.999999999999999889e-01,2.999999999999999889e-01,2.999999999999999889e-01,2.999999999999999889e-01,2.999999999999999889e-01,2.999999999999999889e-01,2.999999999999999889e-01
8.740499999999999658e-02,7.978899999999999881e-02,7.387100000000000610e-02,6.909999999999999476e-02,6.514799999999999758e-02,6.180399999999999783e-02,5.892800000000000121e-02,5.641999999999999793e-02,5.420599999999999724e-02,5.223400000000000265e-02,5.046300000000000091e-02,4.886100000000000165e-02,4.740199999999999969e-02,4.606600000000000278e-02,4.483800000000000285e-02,4.370199999999999779e-02,4.264899999999999941e-02,4.166899999999999771e-02,4.075299999999999756e-02,3.989499999999999991e-02,3.908899999999999875e-02,3.833000000000000296e-02,3.761300000000000060e-02,3.693500000000000255e-02,3.629299999999999887e-02,3.568299999999999944e-02
5.000000000000000000e+00,6.000000000000000000e+00,7.000000000000000000e+00,8.000000000000000000e+00,9.000000000000000000e+00,1.000000000000000000e+01,1.100000000000000000e+01,1.200000000000000000e+01,1.300000000000000000e+01,1.400000000000000000e+01,1.500000000000000000e+01,1.600000000000000000e+01,1.700000000000000000e+01,1.800000000000000000e+01,1.900000000000000000e+01,2.000000000000000000e+01,2.100000000000000000e+01,2.200000000000000000e+01,2.300000000000000000e+01,2.400000000000000000e+01,2.500000000000000000e+01,2.600000000000000000e+01,2.700000000000000000e+01,2.800000000000000000e+01,2.900000000000000000e+01,3.000000000000000000e+01
