kMean
kStDev
kStdErr
Volume Fraction
Inlay Radius
# Inlays/filler particles
-----
1.214684999999999897e-02,1.140455000000000114e-02,1.125980000000000036e-02,1.122615000000000071e-02,1.122359999999999851e-02,1.120634999999999860e-02,1.118130000000000165e-02,1.115485000000000088e-02,1.115389999999999958e-02,1.114709999999999833e-02,1.117059999999999928e-02,1.113354999999999900e-02,1.112794999999999757e-02,1.112575000000000196e-02,1.114214999999999997e-02,1.111889999999999927e-02,1.112534999999999913e-02,1.113294999999999910e-02,1.111574999999999890e-02,1.111139999999999871e-02,1.110764999999999843e-02,1.111805000000000258e-02,1.112690000000000033e-02,1.111430000000000230e-02,1.112404999999999818e-02,1.111274999999999936e-02,1.111439999999999997e-02,1.112149999999999944e-02,1.109289999999999929e-02,1.112849999999999950e-02,1.109585000000000085e-02,1.110115000000000060e-02,1.110175000000000051e-02,1.110475000000000004e-02,1.110740000000000165e-02,1.109535000000000035e-02,1.110265000000000210e-02,1.109919999999999830e-02,1.110245000000000329e-02,1.109549999999999946e-02,1.110309999999999943e-02,1.109529999999999891e-02,1.109214999999999854e-02,1.109204999999999913e-02,1.109229999999999938e-02,1.108530000000000106e-02,1.109680000000000215e-02,1.109769999999999854e-02,1.109380000000000088e-02,1.109820000000000077e-02
7.977360152331107056e-05,6.565019040337982691e-05,4.760420149524628318e-05,1.094222440822705596e-04,1.057692772027871695e-04,8.974089090264252976e-05,6.276710922131119850e-05,5.431139383223394399e-05,7.175297903223256302e-05,6.724425626029332181e-05,6.934652118167141137e-05,4.418537654020861119e-05,4.616327003148716597e-05,4.441607254136712872e-05,5.033217162014784685e-05,3.877486299137611277e-05,4.044165550518414421e-05,3.649996575340885445e-05,4.939521737982336069e-05,2.749436305863441345e-05,4.005156051891114538e-05,4.085152995910933761e-05,4.262851158555723438e-05,2.070531332774274832e-05,4.099570099412865959e-05,4.448244035571822413e-05,3.608517701217501622e-05,4.902397372714690886e-05,3.016769795658922303e-05,4.118312761313792719e-05,2.305921724603828113e-05,3.990523148661090434e-05,2.923674913529211201e-05,2.451504640011916789e-05,3.213782817802104914e-05,2.320834979053859753e-05,2.193233913653543635e-05,3.054603083871929584e-05,1.932220225543646134e-05,2.967743250350347436e-05,2.329356134213902331e-05,2.172809241512012841e-05,2.037713179031830102e-05,1.938678673736310280e-05,2.894840237387885315e-05,2.807329692073919639e-05,2.371413080844419555e-05,1.515948547939530501e-05,2.615071700737875814e-05,2.089401828275258053e-05
1.783791958161043263e-05,1.467982884777616230e-05,1.064462305579678187e-05,2.446755760185310616e-05,2.365072937564509175e-05,2.006667324197011478e-05,1.403515229700057256e-05,1.214439685616379051e-05,1.604445387041890695e-05,1.503627280944316539e-05,1.550635353653463227e-05,9.880150555533091377e-06,1.032242098540841625e-05,9.931735749605873461e-06,1.125461571978362973e-05,8.670322946695783182e-06,9.043029083222034660e-06,8.161640460103652844e-06,1.104510638246640768e-05,6.147926479716557747e-06,8.955801192523207130e-06,9.134679797343768593e-06,9.532024968494331294e-06,4.629848809626516857e-06,9.166917420812737791e-06,9.946576044046587351e-06,8.068890877933609658e-06,1.096209377810642093e-05,6.745702335561500000e-06,9.208827286902506739e-06,5.156197727007708616e-06,8.923081026192697192e-06,6.537535850762135584e-06,5.481731022222796400e-06,7.186236845526327265e-06,5.189544777723730511e-06,4.904220121487227777e-06,6.830300139818125656e-06,4.320575771815568286e-06,6.636075647549553435e-06,5.208598659908408842e-06,4.858549166160618614e-06,4.556465186962370927e-06,4.335017301003526171e-06,6.473059554800939471e-06,6.277380026730836538e-06,5.302640851500326180e-06,3.389764003584888641e-06,5.847478088885876661e-06,4.672044520335818961e-06
5.000000000000000278e-02,5.000000000000000278e-02,5.000000000000000278e-02,5.000000000000000278e-02,5.000000000000000278e-02,5.000000000000000278e-02,5.000000000000000278e-02,5.000000000000000278e-02,5.000000000000000278e-02,5.000000000000000278e-02,5.000000000000000278e-02,5.000000000000000278e-02,5.000000000000000278e-02,5.000000000000000278e-02,5.000000000000000278e-02,5.000000000000000278e-02,5.000000000000000278e-02,5.000000000000000278e-02,5.000000000000000278e-02,5.000000000000000278e-02,5.000000000000000278e-02,5.000000000000000278e-02,5.000000000000000278e-02,5.000000000000000278e-02,5.000000000000000278e-02,5.000000000000000278e-02,5.000000000000000278e-02,5.000000000000000278e-02,5.000000000000000278e-02,5.000000000000000278e-02,5.000000000000000278e-02,5.000000000000000278e-02,5.000000000000000278e-02,5.000000000000000278e-02,5.000000000000000278e-02,5.000000000000000278e-02,5.000000000000000278e-02,5.000000000000000278e-02,5.000000000000000278e-02,5.000000000000000278e-02,5.000000000000000278e-02,5.000000000000000278e-02,5.000000000000000278e-02,5.000000000000000278e-02,5.000000000000000278e-02,5.000000000000000278e-02,5.000000000000000278e-02,5.000000000000000278e-02,5.000000000000000278e-02,5.000000000000000278e-02
7.978899999999999881e-02,5.641999999999999793e-02,4.606600000000000278e-02,3.989499999999999991e-02,3.568299999999999944e-02,3.257399999999999879e-02,3.015800000000000078e-02,2.820999999999999897e-02,2.659600000000000158e-02,2.523200000000000096e-02,2.405699999999999852e-02,2.303300000000000139e-02,2.213000000000000037e-02,2.132500000000000021e-02,2.060100000000000126e-02,1.994699999999999945e-02,1.935200000000000115e-02,1.880700000000000080e-02,1.830499999999999836e-02,1.784099999999999922e-02,1.741099999999999939e-02,1.701099999999999834e-02,1.663699999999999901e-02,1.628699999999999939e-02,1.595799999999999996e-02,1.564799999999999872e-02,1.535500000000000059e-02,1.507900000000000039e-02,1.481599999999999931e-02,1.456700000000000009e-02,1.433099999999999999e-02,1.410499999999999948e-02,1.388999999999999957e-02,1.368399999999999998e-02,1.348700000000000072e-02,1.329800000000000079e-02,1.311700000000000019e-02,1.294400000000000064e-02,1.277700000000000016e-02,1.261600000000000048e-02,1.246099999999999985e-02,1.231200000000000003e-02,1.216800000000000000e-02,1.202899999999999976e-02,1.189400000000000006e-02,1.176400000000000015e-02,1.163800000000000077e-02,1.151699999999999946e-02,1.139800000000000015e-02,1.128400000000000063e-02
1.000000000000000000e+00,2.000000000000000000e+00,3.000000000000000000e+00,4.000000000000000000e+00,5.000000000000000000e+00,6.000000000000000000e+00,7.000000000000000000e+00,8.000000000000000000e+00,9.000000000000000000e+00,1.000000000000000000e+01,1.100000000000000000e+01,1.200000000000000000e+01,1.300000000000000000e+01,1.400000000000000000e+01,1.500000000000000000e+01,1.600000000000000000e+01,1.700000000000000000e+01,1.800000000000000000e+01,1.900000000000000000e+01,2.000000000000000000e+01,2.100000000000000000e+01,2.200000000000000000e+01,2.300000000000000000e+01,2.400000000000000000e+01,2.500000000000000000e+01,2.600000000000000000e+01,2.700000000000000000e+01,2.800000000000000000e+01,2.900000000000000000e+01,3.000000000000000000e+01,3.100000000000000000e+01,3.200000000000000000e+01,3.300000000000000000e+01,3.400000000000000000e+01,3.500000000000000000e+01,3.600000000000000000e+01,3.700000000000000000e+01,3.800000000000000000e+01,3.900000000000000000e+01,4.000000000000000000e+01,4.100000000000000000e+01,4.200000000000000000e+01,4.300000000000000000e+01,4.400000000000000000e+01,4.500000000000000000e+01,4.600000000000000000e+01,4.700000000000000000e+01,4.800000000000000000e+01,4.900000000000000000e+01,5.000000000000000000e+01
