kMean
kStDev
kStdErr
Volume Fraction
Inlay Radius
# Inlays/filler particles
-----
1.672117000000000742e-02,1.603941999999999868e-02,1.561220999999999443e-02,1.532354999999999308e-02,1.514526999999999887e-02,1.497839999999999588e-02,1.487490999999999813e-02,1.481165999999999906e-02,1.475830000000000024e-02,1.475372000000000142e-02,1.472443999999999489e-02,1.473600000000000083e-02,1.473936000000000517e-02,1.483049999999999993e-02,1.487318000000000320e-02,1.491821000000000293e-02,1.493772999999999976e-02,1.496119999999999221e-02,1.496154999999999881e-02,1.495410000000000489e-02,1.496350999999999758e-02,1.494635000000000234e-02,1.495601000000000916e-02,1.492813000000000126e-02,1.493123000000000367e-02,1.491535999999999904e-02,1.491112000000000687e-02,1.489705000000000022e-02,1.488849999999999549e-02,1.488209000000000060e-02,1.487350999999999430e-02,1.486959999999999671e-02,1.485594999999999798e-02,1.485142000000000233e-02,1.484074999999999284e-02,1.484093999999999518e-02,1.483084999999999785e-02,1.481171999999999871e-02,1.482814000000000007e-02,1.482081000000000197e-02,1.481502000000000166e-02,1.480202999999999554e-02,1.481513999999999921e-02,1.480594000000000181e-02,1.480148999999999875e-02,1.480204000000000068e-02
6.128312247266784701e-05,7.008012271678751694e-05,7.873084465443005780e-05,7.630496379659719799e-05,1.082035909755309162e-04,1.006889268986416706e-04,1.146327261300192411e-04,1.356758799492378831e-04,1.596820904171786476e-04,1.559743619958100852e-04,1.937582163419141205e-04,1.740958931164085803e-04,1.766009354448611762e-04,2.023528848324134108e-04,1.859420006346064653e-04,1.815883969310815602e-04,1.456365925857921084e-04,1.546702298440136487e-04,1.476934240242266027e-04,1.300539503436939676e-04,1.097994075576002682e-04,1.162198240404794543e-04,1.012356157683648889e-04,1.098271965407476294e-04,8.643955749539680147e-05,7.990788696993561470e-05,8.249997333332906649e-05,8.881670732469197963e-05,7.835604635253097820e-05,7.642383070744361204e-05,6.377123097447620886e-05,6.573142323120653523e-05,6.069124730964095202e-05,6.884129284085238414e-05,6.706166937975822017e-05,6.754358888895379577e-05,5.716998775581472327e-05,6.067290663879550404e-05,5.994097429972251666e-05,5.885383504921327621e-05,5.647547786429078483e-05,6.018196656806755999e-05,6.817639180830858167e-05,6.507485228565639099e-05,6.457483952748157251e-05,6.030703441556382031e-05
6.128312247266784363e-06,7.008012271678751863e-06,7.873084465443005780e-06,7.630496379659719799e-06,1.082035909755309129e-05,1.006889268986416706e-05,1.146327261300192411e-05,1.356758799492378831e-05,1.596820904171786544e-05,1.559743619958100919e-05,1.937582163419141205e-05,1.740958931164085667e-05,1.766009354448611898e-05,2.023528848324134243e-05,1.859420006346064586e-05,1.815883969310815466e-05,1.456365925857921152e-05,1.546702298440136555e-05,1.476934240242266061e-05,1.300539503436939744e-05,1.097994075576002682e-05,1.162198240404794543e-05,1.012356157683648855e-05,1.098271965407476362e-05,8.643955749539679469e-06,7.990788696993561470e-06,8.249997333332906988e-06,8.881670732469197963e-06,7.835604635253098498e-06,7.642383070744361204e-06,6.377123097447621055e-06,6.573142323120653184e-06,6.069124730964095202e-06,6.884129284085238414e-06,6.706166937975821848e-06,6.754358888895379916e-06,5.716998775581471988e-06,6.067290663879550574e-06,5.994097429972251328e-06,5.885383504921327790e-06,5.647547786429078144e-06,6.018196656806755661e-06,6.817639180830857997e-06,6.507485228565639438e-06,6.457483952748156912e-06,6.030703441556381862e-06
2.000000000000000111e-01,2.000000000000000111e-01,2.000000000000000111e-01,2.000000000000000111e-01,2.000000000000000111e-01,2.000000000000000111e-01,2.000000000000000111e-01,2.000000000000000111e-01,2.000000000000000111e-01,2.000000000000000111e-01,2.000000000000000111e-01,2.000000000000000111e-01,2.000000000000000111e-01,2.000000000000000111e-01,2.000000000000000111e-01,2.000000000000000111e-01,2.000000000000000111e-01,2.000000000000000111e-01,2.000000000000000111e-01,2.000000000000000111e-01,2.000000000000000111e-01,2.000000000000000111e-01,2.000000000000000111e-01,2.000000000000000111e-01,2.000000000000000111e-01,2.000000000000000111e-01,2.000000000000000111e-01,2.000000000000000111e-01,2.000000000000000111e-01,2.000000000000000111e-01,2.000000000000000111e-01,2.000000000000000111e-01,2.000000000000000111e-01,2.000000000000000111e-01,2.000000000000000111e-01,2.000000000000000111e-01,2.000000000000000111e-01,2.000000000000000111e-01,2.000000000000000111e-01,2.000000000000000111e-01,2.000000000000000111e-01,2.000000000000000111e-01,2.000000000000000111e-01,2.000000000000000111e-01,2.000000000000000111e-01,2.000000000000000111e-01
7.136599999999999888e-02,6.514799999999999758e-02,6.031500000000000056e-02,5.641999999999999793e-02,5.319299999999999723e-02,5.046300000000000091e-02,4.811499999999999805e-02,4.606600000000000278e-02,4.425899999999999973e-02,4.264899999999999941e-02,4.120299999999999657e-02,3.989499999999999991e-02,3.870300000000000129e-02,3.761300000000000060e-02,3.660999999999999671e-02,3.568299999999999944e-02,3.482299999999999979e-02,3.402199999999999669e-02,3.327399999999999802e-02,3.257399999999999879e-02,3.191599999999999993e-02,3.129599999999999743e-02,3.071099999999999872e-02,3.015800000000000078e-02,2.963299999999999962e-02,2.913500000000000117e-02,2.866099999999999898e-02,2.820999999999999897e-02,2.777900000000000161e-02,2.736699999999999897e-02,2.697400000000000145e-02,2.659600000000000158e-02,2.623500000000000137e-02,2.588700000000000029e-02,2.555299999999999933e-02,2.523200000000000096e-02,2.492199999999999971e-02,2.462400000000000005e-02,2.433499999999999899e-02,2.405699999999999852e-02,2.378900000000000112e-02,2.352900000000000130e-02,2.327699999999999908e-02,2.303300000000000139e-02,2.279700000000000129e-02,2.256800000000000125e-02
5.000000000000000000e+00,6.000000000000000000e+00,7.000000000000000000e+00,8.000000000000000000e+00,9.000000000000000000e+00,1.000000000000000000e+01,1.100000000000000000e+01,1.200000000000000000e+01,1.300000000000000000e+01,1.400000000000000000e+01,1.500000000000000000e+01,1.600000000000000000e+01,1.700000000000000000e+01,1.800000000000000000e+01,1.900000000000000000e+01,2.000000000000000000e+01,2.100000000000000000e+01,2.200000000000000000e+01,2.300000000000000000e+01,2.400000000000000000e+01,2.500000000000000000e+01,2.600000000000000000e+01,2.700000000000000000e+01,2.800000000000000000e+01,2.900000000000000000e+01,3.000000000000000000e+01,3.100000000000000000e+01,3.200000000000000000e+01,3.300000000000000000e+01,3.400000000000000000e+01,3.500000000000000000e+01,3.600000000000000000e+01,3.700000000000000000e+01,3.800000000000000000e+01,3.900000000000000000e+01,4.000000000000000000e+01,4.100000000000000000e+01,4.200000000000000000e+01,4.300000000000000000e+01,4.400000000000000000e+01,4.500000000000000000e+01,4.600000000000000000e+01,4.700000000000000000e+01,4.800000000000000000e+01,4.900000000000000000e+01,5.000000000000000000e+01
