kMean
kStDev
kStdErr
Volume Fraction
Inlay Radius
# Inlays/filler particles
-----
1.210074999999999866e-02,1.138869999999999987e-02,1.123169999999999898e-02,1.119780000000000428e-02,1.115734999999999991e-02,1.116995000000000141e-02,1.113319999999999935e-02,1.110430000000000098e-02,1.111099999999999935e-02,1.110605000000000273e-02,1.110539999999999791e-02,1.109090000000000076e-02,1.109174999999999918e-02,1.109690000000000329e-02,1.107355000000000145e-02
2.322041127973404934e-05,3.620234799015111622e-05,2.866548447174750014e-05,9.666105730851482826e-05,6.529645855634138294e-05,6.613507012168343287e-05,5.812968260708119598e-05,4.421097148898674151e-05,4.916299421312757094e-05,5.301648328586122915e-05,3.739037309254875086e-05,3.267858626073057577e-05,3.567474596966300506e-05,2.398103417286279486e-05,2.914356704317420751e-05
5.192241808698821728e-06,8.095091105108078049e-06,6.409797188679205638e-06,2.161406949188420144e-05,1.460073200219770984e-05,1.478825124887994326e-05,1.299819218199207445e-05,9.885873760067944935e-06,1.099317970379820299e-05,1.185484605551671241e-05,8.360741593901804483e-06,7.307154028758422920e-06,7.977115706820311856e-06,5.362322258126664832e-06,6.516699701536006984e-06
5.000000000000000278e-02,5.000000000000000278e-02,5.000000000000000278e-02,5.000000000000000278e-02,5.000000000000000278e-02,5.000000000000000278e-02,5.000000000000000278e-02,5.000000000000000278e-02,5.000000000000000278e-02,5.000000000000000278e-02,5.000000000000000278e-02,5.000000000000000278e-02,5.000000000000000278e-02,5.000000000000000278e-02,5.000000000000000278e-02
7.978899999999999881e-02,5.641999999999999793e-02,4.606600000000000278e-02,3.989499999999999991e-02,3.568299999999999944e-02,3.257399999999999879e-02,3.015800000000000078e-02,2.820999999999999897e-02,2.659600000000000158e-02,2.523200000000000096e-02,2.405699999999999852e-02,2.303300000000000139e-02,2.213000000000000037e-02,2.132500000000000021e-02,2.060100000000000126e-02
1.000000000000000000e+00,2.000000000000000000e+00,3.000000000000000000e+00,4.000000000000000000e+00,5.000000000000000000e+00,6.000000000000000000e+00,7.000000000000000000e+00,8.000000000000000000e+00,9.000000000000000000e+00,1.000000000000000000e+01,1.100000000000000000e+01,1.200000000000000000e+01,1.300000000000000000e+01,1.400000000000000000e+01,1.500000000000000000e+01
