kMean
kStDev
kStdErr
Volume Fraction
Inlay Radius
# Inlays/filler particles
-----
2.634126666666666491e-02,2.245239999999999389e-02,2.076103333333333134e-02,1.977080000000000157e-02,1.907516666666666735e-02,1.875613333333333091e-02,1.840636666666666671e-02,1.813620000000000163e-02,1.812186666666666668e-02,1.798973333333333743e-02,1.822359999999999952e-02,1.819753333333333153e-02,1.846206666666666898e-02,1.845939999999999387e-02,1.870953333333333010e-02,1.876393333333333316e-02,1.885556666666666700e-02,1.899326666666667149e-02,1.905036666666666198e-02,1.896023333333332964e-02,1.898179999999999659e-02,1.895043333333333233e-02,1.905256666666666279e-02,1.890909999999999813e-02,1.881539999999999602e-02,1.885346666666666213e-02
7.254742510171462101e-05,9.156185523094957602e-05,1.365985561986492668e-04,1.251131221468530634e-04,1.425007797249624878e-04,2.318487629660526616e-04,2.545679324310550873e-04,2.171417969898933929e-04,3.023551701044468326e-04,3.616583962188012571e-04,4.533985443293788646e-04,3.908844444191773284e-04,3.929980435348528404e-04,4.058736749285419914e-04,3.860640476512787922e-04,4.149151666974294273e-04,3.746388201395522998e-04,3.499289388179005911e-04,3.902526944885269114e-04,3.097048792354143484e-04,2.470606403294545086e-04,2.300160405034591086e-04,2.125727613992182345e-04,2.318150627835329186e-04,1.615055417005866964e-04,1.695908278442228949e-04
1.324528707237520569e-05,1.671683117233782530e-05,2.493937018421244590e-05,2.284242641324353386e-05,2.601696383914559046e-05,4.232959913539179883e-05,4.647753300331326803e-05,3.964448679619065995e-05,5.520224901483905381e-05,6.602948724005951143e-05,8.277887008973561147e-05,7.136540919541925325e-05,7.175129783314540544e-05,7.410205575196047859e-05,7.048532918011824963e-05,7.575279875039945643e-05,6.839937756918450208e-05,6.388799110480310628e-05,7.125006796617939391e-05,5.654411617554991955e-05,4.510689526003760342e-05,4.199499132392216585e-05,3.881029884317175563e-05,4.232344635200576571e-05,2.948674278383420122e-05,3.096290731875203070e-05
2.999999999999999889e-01,2.999999999999999889e-01,2.999999999999999889e-01,2.999999999999999889e-01,2.999999999999999889e-01,2.999999999999999889e-01,2.999999999999999889e-01,2.999999999999999889e-01,2.999999999999999889e-01,2.999999999999999889e-01,2.999999999999999889e-01,2.999999999999999889e-01,2.999999999999999889e-01,2.999999999999999889e-01,2.999999999999999889e-01,2.999999999999999889e-01,2.999999999999999889e-01,2.999999999999999889e-01,2.999999999999999889e-01,2.999999999999999889e-01,2.999999999999999889e-01,2.999999999999999889e-01,2.999999999999999889e-01,2.999999999999999889e-01,2.999999999999999889e-01,2.999999999999999889e-01
8.740499999999999658e-02,7.978899999999999881e-02,7.387100000000000610e-02,6.909999999999999476e-02,6.514799999999999758e-02,6.180399999999999783e-02,5.892800000000000121e-02,5.641999999999999793e-02,5.420599999999999724e-02,5.223400000000000265e-02,5.046300000000000091e-02,4.886100000000000165e-02,4.740199999999999969e-02,4.606600000000000278e-02,4.483800000000000285e-02,4.370199999999999779e-02,4.264899999999999941e-02,4.166899999999999771e-02,4.075299999999999756e-02,3.989499999999999991e-02,3.908899999999999875e-02,3.833000000000000296e-02,3.761300000000000060e-02,3.693500000000000255e-02,3.629299999999999887e-02,3.568299999999999944e-02
5.000000000000000000e+00,6.000000000000000000e+00,7.000000000000000000e+00,8.000000000000000000e+00,9.000000000000000000e+00,1.000000000000000000e+01,1.100000000000000000e+01,1.200000000000000000e+01,1.300000000000000000e+01,1.400000000000000000e+01,1.500000000000000000e+01,1.600000000000000000e+01,1.700000000000000000e+01,1.800000000000000000e+01,1.900000000000000000e+01,2.000000000000000000e+01,2.100000000000000000e+01,2.200000000000000000e+01,2.300000000000000000e+01,2.400000000000000000e+01,2.500000000000000000e+01,2.600000000000000000e+01,2.700000000000000000e+01,2.800000000000000000e+01,2.900000000000000000e+01,3.000000000000000000e+01
