kMean
kStDev
kStdErr
Volume Fraction
Inlay Radius
# Inlays/filler particles
-----
1.209912999999999961e-02,1.138237000000000103e-02,1.124600000000000252e-02,1.118006999999999682e-02,1.115012000000000121e-02,1.114034000000000205e-02,1.112649000000000277e-02,1.112454000000000567e-02,1.111350999999999485e-02,1.110577000000000092e-02,1.110129999999999624e-02,1.109905999999999913e-02,1.109493000000000111e-02,1.108578999999999121e-02,1.108984000000000185e-02,1.107760999999999989e-02,1.107651000000000469e-02,1.107556999999999986e-02,1.107633000000000575e-02,1.107379000000000349e-02,1.106685000000000654e-02,1.107347000000000019e-02,1.107310000000000412e-02,1.107073999999999732e-02,1.106666000000000420e-02
2.424031971736343227e-05,4.134456554373256804e-05,4.944370536276585030e-05,5.694861806927358140e-05,5.947928715107479340e-05,4.579306060966000479e-05,4.652687288008940423e-05,5.539664610786459412e-05,3.887325430164027080e-05,4.354718245765156886e-05,3.747732647881907747e-05,3.491183753399407420e-05,2.991964404868475110e-05,3.317327086676866003e-05,3.113734735008745789e-05,2.768316997744293403e-05,2.961907999921665818e-05,2.581559799810954290e-05,2.631199536333185654e-05,2.307522264247953450e-05,2.195922357461661874e-05,1.959717071416177612e-05,2.097021697551079458e-05,2.125729051408014526e-05,2.004006986015772275e-05
2.424031971736343143e-06,4.134456554373256634e-06,4.944370536276585369e-06,5.694861806927357970e-06,5.947928715107479509e-06,4.579306060966000309e-06,4.652687288008940423e-06,5.539664610786459751e-06,3.887325430164027250e-06,4.354718245765157055e-06,3.747732647881907917e-06,3.491183753399407335e-06,2.991964404868475110e-06,3.317327086676865918e-06,3.113734735008745874e-06,2.768316997744293318e-06,2.961907999921665733e-06,2.581559799810954375e-06,2.631199536333185823e-06,2.307522264247953450e-06,2.195922357461661874e-06,1.959717071416177612e-06,2.097021697551079458e-06,2.125729051408014357e-06,2.004006986015772106e-06
5.000000000000000278e-02,5.000000000000000278e-02,5.000000000000000278e-02,5.000000000000000278e-02,5.000000000000000278e-02,5.000000000000000278e-02,5.000000000000000278e-02,5.000000000000000278e-02,5.000000000000000278e-02,5.000000000000000278e-02,5.000000000000000278e-02,5.000000000000000278e-02,5.000000000000000278e-02,5.000000000000000278e-02,5.000000000000000278e-02,5.000000000000000278e-02,5.000000000000000278e-02,5.000000000000000278e-02,5.000000000000000278e-02,5.000000000000000278e-02,5.000000000000000278e-02,5.000000000000000278e-02,5.000000000000000278e-02,5.000000000000000278e-02,5.000000000000000278e-02
7.978899999999999881e-02,5.641999999999999793e-02,4.606600000000000278e-02,3.989499999999999991e-02,3.568299999999999944e-02,3.257399999999999879e-02,3.015800000000000078e-02,2.820999999999999897e-02,2.659600000000000158e-02,2.523200000000000096e-02,2.405699999999999852e-02,2.303300000000000139e-02,2.213000000000000037e-02,2.132500000000000021e-02,2.060100000000000126e-02,1.994699999999999945e-02,1.935200000000000115e-02,1.880700000000000080e-02,1.830499999999999836e-02,1.784099999999999922e-02,1.741099999999999939e-02,1.701099999999999834e-02,1.663699999999999901e-02,1.628699999999999939e-02,1.595799999999999996e-02
1.000000000000000000e+00,2.000000000000000000e+00,3.000000000000000000e+00,4.000000000000000000e+00,5.000000000000000000e+00,6.000000000000000000e+00,7.000000000000000000e+00,8.000000000000000000e+00,9.000000000000000000e+00,1.000000000000000000e+01,1.100000000000000000e+01,1.200000000000000000e+01,1.300000000000000000e+01,1.400000000000000000e+01,1.500000000000000000e+01,1.600000000000000000e+01,1.700000000000000000e+01,1.800000000000000000e+01,1.900000000000000000e+01,2.000000000000000000e+01,2.100000000000000000e+01,2.200000000000000000e+01,2.300000000000000000e+01,2.400000000000000000e+01,2.500000000000000000e+01
