kMean
kStDev
kStdErr
Volume Fraction
Inlay Radius
# Inlays/filler particles
-----
1.714710000000000192e-02,1.657784999999999814e-02,1.593444999999999931e-02,1.568574999999999831e-02,1.577809999999999976e-02,1.578075000000000311e-02,1.561525000000000066e-02,1.565570000000000156e-02,1.584469999999999976e-02,1.569134999999999974e-02,1.595205000000000234e-02,1.561829999999999816e-02,1.569209999999999702e-02,1.573445000000000052e-02,1.574885000000000174e-02,1.562120000000000175e-02,1.556950000000000001e-02,1.563935000000000325e-02,1.553279999999999939e-02,1.565954999999999778e-02,1.556279999999999816e-02,1.560450000000000205e-02,1.554324999999999804e-02,1.554190000000000085e-02,1.560989999999999600e-02,1.549424999999999761e-02,1.560644999999999914e-02,1.552249999999999810e-02,1.550370000000000047e-02,1.553395000000000123e-02,1.546399999999999685e-02,1.549784999999999704e-02,1.549104999999999753e-02,1.554094999999999782e-02,1.550249999999999892e-02,1.550014999999999900e-02,1.551695000000000157e-02,1.555349999999999788e-02,1.546694999999999667e-02,1.547114999999999775e-02,1.544425000000000138e-02,1.541105000000000079e-02,1.547710000000000231e-02,1.540374999999999904e-02,1.537334999999999917e-02,1.539820000000000425e-02
2.198130796836259807e-04,6.100053503863716621e-04,2.403196777211553329e-04,1.660345972982738461e-04,5.504213749483210290e-04,1.103814471503250126e-03,4.722975624540106613e-04,5.557257507080268525e-04,7.141438300510618295e-04,5.241081257717720293e-04,4.864584745895580791e-04,5.202731109715359129e-04,4.022289024921007713e-04,4.062163801473299440e-04,2.753207720096689337e-04,3.851924973308801128e-04,3.378979875642942649e-04,3.291939056240257263e-04,2.745477371970128926e-04,2.571148527409494863e-04,2.679396573857631999e-04,3.155603745719664827e-04,2.596772756711689307e-04,3.082952967529669144e-04,3.357823551052082777e-04,3.000194785343110828e-04,1.893978550564923017e-04,2.332842686509317665e-04,2.101323630476754727e-04,1.802186103042634809e-04,2.025033333058985966e-04,2.600365887716572983e-04,1.939862044063956411e-04,2.141101293727134646e-04,2.207413644970058944e-04,2.084512592909910358e-04,1.897958047481555733e-04,2.601873363559415744e-04,2.330438746245008601e-04,1.854584252602184500e-04,2.346062392605960595e-04,2.589753801039782876e-04,2.203079435699038411e-04,1.058455832805507311e-04,2.150095986229453226e-04,1.870228863000460086e-04
4.915169885161656125e-05,1.364013430102504630e-04,5.373711357153450514e-05,3.712646461757432314e-05,1.230779610653345477e-04,2.468204192829271423e-04,1.056089455254620126e-04,1.242640555430249742e-04,1.596874149706231216e-04,1.171941396785691563e-04,1.087754217413105905e-04,1.163366042997645850e-04,8.994111684874718841e-05,9.083274395833257461e-05,6.156359618313410375e-05,8.613166084547542098e-05,7.555628696541405714e-05,7.360999507539718221e-05,6.139074034412683105e-05,5.749262887536111275e-05,5.991312877825700659e-05,7.056144485482131906e-05,5.806560406126860303e-05,6.893692406831041495e-05,7.508321716602192662e-05,6.708639485767585410e-05,4.235064786989690348e-05,5.216394827848065690e-05,4.698702480472672277e-05,4.029810634508771712e-05,4.528112189422864726e-05,5.814594891305841981e-05,4.337663397498698871e-05,4.787648039486616701e-05,4.935926964613638544e-05,4.661111857700905641e-05,4.243963212611531852e-05,5.817965709764877407e-05,5.211019454003221657e-05,4.146976458819125460e-05,5.245954989322727357e-05,5.790865544113419679e-05,4.926235378054926611e-05,2.366779193334266301e-05,4.807760783358508736e-05,4.181958871151169644e-05
2.000000000000000111e-01,2.000000000000000111e-01,2.000000000000000111e-01,2.000000000000000111e-01,2.000000000000000111e-01,2.000000000000000111e-01,2.000000000000000111e-01,2.000000000000000111e-01,2.000000000000000111e-01,2.000000000000000111e-01,2.000000000000000111e-01,2.000000000000000111e-01,2.000000000000000111e-01,2.000000000000000111e-01,2.000000000000000111e-01,2.000000000000000111e-01,2.000000000000000111e-01,2.000000000000000111e-01,2.000000000000000111e-01,2.000000000000000111e-01,2.000000000000000111e-01,2.000000000000000111e-01,2.000000000000000111e-01,2.000000000000000111e-01,2.000000000000000111e-01,2.000000000000000111e-01,2.000000000000000111e-01,2.000000000000000111e-01,2.000000000000000111e-01,2.000000000000000111e-01,2.000000000000000111e-01,2.000000000000000111e-01,2.000000000000000111e-01,2.000000000000000111e-01,2.000000000000000111e-01,2.000000000000000111e-01,2.000000000000000111e-01,2.000000000000000111e-01,2.000000000000000111e-01,2.000000000000000111e-01,2.000000000000000111e-01,2.000000000000000111e-01,2.000000000000000111e-01,2.000000000000000111e-01,2.000000000000000111e-01,2.000000000000000111e-01
7.136599999999999888e-02,6.514799999999999758e-02,6.031500000000000056e-02,5.641999999999999793e-02,5.319299999999999723e-02,5.046300000000000091e-02,4.811499999999999805e-02,4.606600000000000278e-02,4.425899999999999973e-02,4.264899999999999941e-02,4.120299999999999657e-02,3.989499999999999991e-02,3.870300000000000129e-02,3.761300000000000060e-02,3.660999999999999671e-02,3.568299999999999944e-02,3.482299999999999979e-02,3.402199999999999669e-02,3.327399999999999802e-02,3.257399999999999879e-02,3.191599999999999993e-02,3.129599999999999743e-02,3.071099999999999872e-02,3.015800000000000078e-02,2.963299999999999962e-02,2.913500000000000117e-02,2.866099999999999898e-02,2.820999999999999897e-02,2.777900000000000161e-02,2.736699999999999897e-02,2.697400000000000145e-02,2.659600000000000158e-02,2.623500000000000137e-02,2.588700000000000029e-02,2.555299999999999933e-02,2.523200000000000096e-02,2.492199999999999971e-02,2.462400000000000005e-02,2.433499999999999899e-02,2.405699999999999852e-02,2.378900000000000112e-02,2.352900000000000130e-02,2.327699999999999908e-02,2.303300000000000139e-02,2.279700000000000129e-02,2.256800000000000125e-02
5.000000000000000000e+00,6.000000000000000000e+00,7.000000000000000000e+00,8.000000000000000000e+00,9.000000000000000000e+00,1.000000000000000000e+01,1.100000000000000000e+01,1.200000000000000000e+01,1.300000000000000000e+01,1.400000000000000000e+01,1.500000000000000000e+01,1.600000000000000000e+01,1.700000000000000000e+01,1.800000000000000000e+01,1.900000000000000000e+01,2.000000000000000000e+01,2.100000000000000000e+01,2.200000000000000000e+01,2.300000000000000000e+01,2.400000000000000000e+01,2.500000000000000000e+01,2.600000000000000000e+01,2.700000000000000000e+01,2.800000000000000000e+01,2.900000000000000000e+01,3.000000000000000000e+01,3.100000000000000000e+01,3.200000000000000000e+01,3.300000000000000000e+01,3.400000000000000000e+01,3.500000000000000000e+01,3.600000000000000000e+01,3.700000000000000000e+01,3.800000000000000000e+01,3.900000000000000000e+01,4.000000000000000000e+01,4.100000000000000000e+01,4.200000000000000000e+01,4.300000000000000000e+01,4.400000000000000000e+01,4.500000000000000000e+01,4.600000000000000000e+01,4.700000000000000000e+01,4.800000000000000000e+01,4.900000000000000000e+01,5.000000000000000000e+01
