kMean
kStDev
kStdErr
Volume Fraction
Inlay Radius
# Inlays/filler particles
-----
1.679681999999999356e-02,1.612803999999999974e-02,1.569268000000000399e-02,1.544506000000000177e-02,1.524447999999999775e-02,1.511863999999999569e-02,1.496668000000000130e-02,1.497813999999999743e-02,1.485399999999999568e-02,1.493452000000000147e-02,1.491006000000000276e-02,1.500309999999999838e-02,1.513164000000000002e-02,1.515853999999999986e-02,1.507829999999999934e-02,1.505483999999999642e-02,1.510537999999999638e-02,1.509721999999999627e-02,1.504404000000000158e-02,1.506127999999999981e-02,1.506109999999999914e-02,1.511088000000000188e-02,1.506301999999999988e-02,1.506419999999999808e-02,1.502845999999999869e-02,1.504118000000000815e-02,1.500437999999999772e-02,1.500804000000000200e-02,1.499251999999999529e-02,1.501847999999999898e-02,1.498332000000000136e-02,1.497962000000000252e-02,1.498535999999999445e-02,1.496545999999999987e-02,1.496776000000000183e-02,1.495592000000000449e-02,1.497543999999999785e-02,1.494853999999999628e-02,1.495248000000000063e-02,1.491695999999999474e-02,1.493215999999999814e-02,1.495244000000000087e-02,1.495967999999999777e-02,1.492054000000000470e-02,1.493241999999999660e-02,1.494319999999999850e-02,1.492976000000000372e-02,1.494104000000000612e-02,1.494614000000000185e-02,1.493764000000000029e-02,1.495159999999999892e-02,1.493456000000000297e-02,1.493150000000000900e-02,1.493475999999999831e-02,1.494903999999999851e-02,1.495227999999999835e-02,1.493839999999999751e-02,1.492431999999999613e-02,1.492434000000000122e-02,1.492106000000000161e-02,1.494579999999999867e-02,1.492986000000000313e-02,1.492127999999999510e-02,1.490506000000000122e-02,1.491196000000000188e-02,1.492841999999999260e-02,1.490652000000000296e-02,1.491093999999999753e-02,1.491608000000000343e-02,1.491376000000000507e-02,1.491119999999999772e-02
8.015876496054553729e-05,1.073105698428628929e-04,1.134804723289429434e-04,1.752502679027909929e-04,1.668863373676827955e-04,2.017752968031518107e-04,1.774532546897914160e-04,2.182897166611381316e-04,1.955440615308988352e-04,2.581463336946700454e-04,2.521510983517622189e-04,2.590103665879032644e-04,2.757078714871956490e-04,2.704830649042561422e-04,2.360075634381238131e-04,2.349216345933255294e-04,1.863454737845809093e-04,1.902357789691518206e-04,1.864765894154008809e-04,1.976041538024947886e-04,1.402744809293550617e-04,1.258929132238984189e-04,1.028545555626974781e-04,1.339096710473146204e-04,1.270645835785880705e-04,1.159859801872622701e-04,1.049323381994321004e-04,9.870622270150950937e-05,1.283875757228868607e-04,1.044917680968217955e-04,1.005521635769214669e-04,9.614944409615693358e-05,8.337931638002301249e-05,1.014655034974940555e-04,1.016666238251276617e-04,1.076895240958932490e-04,8.698509297575065548e-05,9.343686852629423743e-05,1.116165292418644817e-04,9.168990347906364000e-05,1.042739392178121486e-04,9.720908599508588661e-05,9.725748094619775111e-05,9.309440584696799810e-05,8.988439019095582135e-05,1.032734234931717495e-04,9.348808694159920743e-05,9.346378122032087852e-05,9.489615587577824847e-05,9.776906668266810028e-05,9.785479037839690179e-05,8.280462788999181950e-05,8.627751734953911821e-05,6.615060392770426832e-05,7.033433301027315989e-05,7.371161102567219735e-05,8.067242403696564534e-05,7.090710542674829512e-05,8.623261795863548579e-05,7.099448147567531989e-05,6.656936232231760802e-05,6.310055784222507911e-05,7.274147097770307271e-05,6.476307898795418782e-05,5.790369936368480031e-05,5.968319361428314583e-05,6.161371275941752155e-05,5.489495787410719443e-05,7.093372681595118098e-05,5.832651541108903564e-05,6.010024958350840540e-05
1.133616125502807294e-05,1.517600632577619475e-05,1.604856230320958233e-05,2.478413056776453198e-05,2.360129216801488581e-05,2.853533612908739037e-05,2.509567994695500510e-05,3.087082778287616780e-05,2.765410638585161183e-05,3.650740461878930774e-05,3.565955030563343109e-05,3.662959732238399663e-05,3.899098111102104335e-05,3.825208187798411451e-05,3.337650970368233062e-05,3.322293617367374000e-05,2.635322963129943543e-05,2.690340186667849074e-05,2.637177218163390703e-05,2.794544742887471295e-05,1.983780733851400096e-05,1.780394652878963135e-05,1.454583074286238336e-05,1.893768729280321088e-05,1.796964573941288947e-05,1.640289462259634029e-05,1.483967358131572748e-05,1.395916788350938250e-05,1.815674508275093283e-05,1.477736755988696708e-05,1.422022334564402806e-05,1.359758478554188363e-05,1.179161600460256985e-05,1.434938911591707897e-05,1.437783182541791626e-05,1.522959855019164362e-05,1.230154982105912213e-05,1.321396866955570929e-05,1.578496094388579058e-05,1.296691050327718219e-05,1.474656190438977011e-05,1.374744078001429537e-05,1.375428485963557371e-05,1.316553713298472917e-05,1.271157236536849067e-05,1.460506761367437066e-05,1.322121204731246443e-05,1.321777469924495739e-05,1.342034306565968695e-05,1.382663400831887192e-05,1.383875716963051388e-05,1.171034277892838654e-05,1.220148351635982289e-05,9.355108123373030284e-06,9.946776764359397974e-06,1.042439600168757803e-05,1.140880361825900757e-05,1.002777901631263145e-05,1.219513378360400117e-05,1.004013585565454975e-05,9.414329503475006540e-06,8.923766469378267369e-06,1.028719748036365720e-05,9.158882464580482278e-06,8.188819695169738871e-06,8.440478185505853026e-06,8.713494821252846368e-06,7.763319393146211656e-06,1.003154384927862613e-05,8.248614914032544482e-06,8.499458806300554784e-06
2.000000000000000111e-01,2.000000000000000111e-01,2.000000000000000111e-01,2.000000000000000111e-01,2.000000000000000111e-01,2.000000000000000111e-01,2.000000000000000111e-01,2.000000000000000111e-01,2.000000000000000111e-01,2.000000000000000111e-01,2.000000000000000111e-01,2.000000000000000111e-01,2.000000000000000111e-01,2.000000000000000111e-01,2.000000000000000111e-01,2.000000000000000111e-01,2.000000000000000111e-01,2.000000000000000111e-01,2.000000000000000111e-01,2.000000000000000111e-01,2.000000000000000111e-01,2.000000000000000111e-01,2.000000000000000111e-01,2.000000000000000111e-01,2.000000000000000111e-01,2.000000000000000111e-01,2.000000000000000111e-01,2.000000000000000111e-01,2.000000000000000111e-01,2.000000000000000111e-01,2.000000000000000111e-01,2.000000000000000111e-01,2.000000000000000111e-01,2.000000000000000111e-01,2.000000000000000111e-01,2.000000000000000111e-01,2.000000000000000111e-01,2.000000000000000111e-01,2.000000000000000111e-01,2.000000000000000111e-01,2.000000000000000111e-01,2.000000000000000111e-01,2.000000000000000111e-01,2.000000000000000111e-01,2.000000000000000111e-01,2.000000000000000111e-01,2.000000000000000111e-01,2.000000000000000111e-01,2.000000000000000111e-01,2.000000000000000111e-01,2.000000000000000111e-01,2.000000000000000111e-01,2.000000000000000111e-01,2.000000000000000111e-01,2.000000000000000111e-01,2.000000000000000111e-01,2.000000000000000111e-01,2.000000000000000111e-01,2.000000000000000111e-01,2.000000000000000111e-01,2.000000000000000111e-01,2.000000000000000111e-01,2.000000000000000111e-01,2.000000000000000111e-01,2.000000000000000111e-01,2.000000000000000111e-01,2.000000000000000111e-01,2.000000000000000111e-01,2.000000000000000111e-01,2.000000000000000111e-01,2.000000000000000111e-01
7.136599999999999888e-02,6.514799999999999758e-02,6.031500000000000056e-02,5.641999999999999793e-02,5.319299999999999723e-02,5.046300000000000091e-02,4.811499999999999805e-02,4.606600000000000278e-02,4.425899999999999973e-02,4.264899999999999941e-02,4.120299999999999657e-02,3.989499999999999991e-02,3.870300000000000129e-02,3.761300000000000060e-02,3.660999999999999671e-02,3.568299999999999944e-02,3.482299999999999979e-02,3.402199999999999669e-02,3.327399999999999802e-02,3.257399999999999879e-02,3.191599999999999993e-02,3.129599999999999743e-02,3.071099999999999872e-02,3.015800000000000078e-02,2.963299999999999962e-02,2.913500000000000117e-02,2.866099999999999898e-02,2.820999999999999897e-02,2.777900000000000161e-02,2.736699999999999897e-02,2.697400000000000145e-02,2.659600000000000158e-02,2.623500000000000137e-02,2.588700000000000029e-02,2.555299999999999933e-02,2.523200000000000096e-02,2.492199999999999971e-02,2.462400000000000005e-02,2.433499999999999899e-02,2.405699999999999852e-02,2.378900000000000112e-02,2.352900000000000130e-02,2.327699999999999908e-02,2.303300000000000139e-02,2.279700000000000129e-02,2.256800000000000125e-02,2.234500000000000028e-02,2.213000000000000037e-02,2.191999999999999851e-02,2.171599999999999919e-02,2.151799999999999893e-02,2.132500000000000021e-02,2.113699999999999954e-02,2.095400000000000040e-02,2.077499999999999833e-02,2.060100000000000126e-02,2.043199999999999877e-02,2.026599999999999929e-02,2.010500000000000134e-02,1.994699999999999945e-02,1.979300000000000156e-02,1.964300000000000074e-02,1.949599999999999944e-02,1.935200000000000115e-02,1.921099999999999891e-02,1.907299999999999968e-02,1.893799999999999997e-02,1.880700000000000080e-02,1.867699999999999916e-02,1.855100000000000152e-02,1.842699999999999894e-02
5.000000000000000000e+00,6.000000000000000000e+00,7.000000000000000000e+00,8.000000000000000000e+00,9.000000000000000000e+00,1.000000000000000000e+01,1.100000000000000000e+01,1.200000000000000000e+01,1.300000000000000000e+01,1.400000000000000000e+01,1.500000000000000000e+01,1.600000000000000000e+01,1.700000000000000000e+01,1.800000000000000000e+01,1.900000000000000000e+01,2.000000000000000000e+01,2.100000000000000000e+01,2.200000000000000000e+01,2.300000000000000000e+01,2.400000000000000000e+01,2.500000000000000000e+01,2.600000000000000000e+01,2.700000000000000000e+01,2.800000000000000000e+01,2.900000000000000000e+01,3.000000000000000000e+01,3.100000000000000000e+01,3.200000000000000000e+01,3.300000000000000000e+01,3.400000000000000000e+01,3.500000000000000000e+01,3.600000000000000000e+01,3.700000000000000000e+01,3.800000000000000000e+01,3.900000000000000000e+01,4.000000000000000000e+01,4.100000000000000000e+01,4.200000000000000000e+01,4.300000000000000000e+01,4.400000000000000000e+01,4.500000000000000000e+01,4.600000000000000000e+01,4.700000000000000000e+01,4.800000000000000000e+01,4.900000000000000000e+01,5.000000000000000000e+01,5.100000000000000000e+01,5.200000000000000000e+01,5.300000000000000000e+01,5.400000000000000000e+01,5.500000000000000000e+01,5.600000000000000000e+01,5.700000000000000000e+01,5.800000000000000000e+01,5.900000000000000000e+01,6.000000000000000000e+01,6.100000000000000000e+01,6.200000000000000000e+01,6.300000000000000000e+01,6.400000000000000000e+01,6.500000000000000000e+01,6.600000000000000000e+01,6.700000000000000000e+01,6.800000000000000000e+01,6.900000000000000000e+01,7.000000000000000000e+01,7.100000000000000000e+01,7.200000000000000000e+01,7.300000000000000000e+01,7.400000000000000000e+01,7.500000000000000000e+01
