kMean
kStDev
kStdErr
Volume Fraction
Inlay Radius
# Inlays/filler particles
-----
1.683785000000000490e-02,1.615665000000000157e-02,1.569284999999999777e-02,1.545399999999999899e-02,1.523929999999999729e-02,1.506120000000000028e-02,1.503140000000000032e-02,1.507290000000000019e-02,1.495964999999999968e-02,1.504100000000000228e-02,1.495075000000000223e-02
8.683966547609472139e-05,1.593371504075556959e-04,1.139597626357656936e-04,8.259055636088185118e-05,1.328729092027413857e-04,1.268934986514283557e-04,1.454164364850134619e-04,1.934176568982264152e-04,2.107798080936596646e-04,3.441578126383305881e-04,2.945562552382821326e-04
1.941793951478894175e-05,3.562886996524028686e-05,2.548217759533126769e-05,1.846780983224594503e-05,2.971128573454871023e-05,2.837424888873716817e-05,3.251610370262706393e-05,4.324950288731653860e-05,4.713179791817833454e-05,7.695602640469433519e-05,6.586478099105773224e-05
2.000000000000000111e-01,2.000000000000000111e-01,2.000000000000000111e-01,2.000000000000000111e-01,2.000000000000000111e-01,2.000000000000000111e-01,2.000000000000000111e-01,2.000000000000000111e-01,2.000000000000000111e-01,2.000000000000000111e-01,2.000000000000000111e-01
7.136599999999999888e-02,6.514799999999999758e-02,6.031500000000000056e-02,5.641999999999999793e-02,5.319299999999999723e-02,5.046300000000000091e-02,4.811499999999999805e-02,4.606600000000000278e-02,4.425899999999999973e-02,4.264899999999999941e-02,4.120299999999999657e-02
5.000000000000000000e+00,6.000000000000000000e+00,7.000000000000000000e+00,8.000000000000000000e+00,9.000000000000000000e+00,1.000000000000000000e+01,1.100000000000000000e+01,1.200000000000000000e+01,1.300000000000000000e+01,1.400000000000000000e+01,1.500000000000000000e+01
