kMean
kStDev
kStdErr
Volume Fraction
Inlay Radius
# Inlays/filler particles
-----
1.209765000000000146e-02,1.138499999999999929e-02,1.122475000000000035e-02,1.120454999999999715e-02,1.117355000000000084e-02,1.112684999999999716e-02,1.112789999999999960e-02,1.111835000000000080e-02,1.110775000000000130e-02,1.110219999999999957e-02,1.109104999999999987e-02,1.110644999999999688e-02,1.108260000000000148e-02,1.109034999999999882e-02,1.107674999999999979e-02,1.108804999999999860e-02,1.107064999999999785e-02,1.107405000000000021e-02,1.108169999999999988e-02,1.107340000000000060e-02,1.106874999999999873e-02,1.107404999999999848e-02,1.106709999999999985e-02,1.106299999999999818e-02,1.105845000000000092e-02,1.105999999999999865e-02,1.107390000000000110e-02,1.105469999999999717e-02,1.106829999999999967e-02,1.106230000000000234e-02,1.105659999999999976e-02,1.105855000000000206e-02,1.106564999999999979e-02,1.106344999999999898e-02,1.105694999999999942e-02,1.106255000000000085e-02,1.106145000000000218e-02,1.106414999999999829e-02,1.105745000000000165e-02,1.105694999999999942e-02,1.105920000000000167e-02,1.105114999999999917e-02,1.105445000000000212e-02,1.105735000000000051e-02,1.105259999999999923e-02,1.104880000000000098e-02,1.104744999999999859e-02,1.105759999999999903e-02,1.105580000000000104e-02,1.104980000000000198e-02
2.702457215202510286e-05,3.464678917302429931e-05,2.235592762557611990e-05,9.843397533372296295e-05,9.847714201783065442e-05,4.168246034005199173e-05,5.499354507576328650e-05,3.827306494128746619e-05,4.518614278736347324e-05,3.319126391085471884e-05,2.961836423572347795e-05,3.389612809746860185e-05,3.343560975965596268e-05,2.978636433000844572e-05,3.588018255248976227e-05,3.191625761269643099e-05,2.095536924036407546e-05,1.656343865264684658e-05,2.174879306996137243e-05,2.569318975915583006e-05,2.517712255203133806e-05,2.535049309185131240e-05,1.820412041269784233e-05,2.127909772523255312e-05,1.667775464503535804e-05,1.500333296304532751e-05,2.254085180289356122e-05,1.545994825347096261e-05,1.585591372327678581e-05,1.952459986785907506e-05,1.498799519615595682e-05,1.457214809147920112e-05,1.681450266882732720e-05,1.820569965697561811e-05,1.502156782762688375e-05,1.870421075586967472e-05,1.587915300008152535e-05,1.453022711453608558e-05,1.282370851197106292e-05,1.454810984286269418e-05,1.045753316992101257e-05,1.057485224483061761e-05,9.107551811546191886e-06,1.382850317279487001e-05,1.349221998041833710e-05,1.014692071517278463e-05,1.124488772731850531e-05,1.561857868053300862e-05,1.004290794541080541e-05,9.662297863345271158e-06
6.042878039477590896e-06,7.747257579298604408e-06,4.998937387085366414e-06,2.201050601417420716e-05,2.202015837817701389e-05,9.320481478979524887e-06,1.229693051131055212e-05,8.558117491598276613e-06,1.010392869135565383e-05,7.421792236380666803e-06,6.622867581342629669e-06,7.579404659998041002e-06,7.476429629174613212e-06,6.660433544447386209e-06,8.023052723246901658e-06,7.136692160938437268e-06,4.685763011506219780e-06,3.703697476846587362e-06,4.863177973300996454e-06,5.745171886027388327e-06,5.629775750418505631e-06,5.668542581651835271e-06,4.070565071338390159e-06,4.758150901348112872e-06,3.729259309836193584e-06,3.354847239443269273e-06,5.040287690201868991e-06,3.456949522339022140e-06,3.545490093061868278e-06,4.365833253801630300e-06,3.351417610504501229e-06,3.258431371074131462e-06,3.759837097534953591e-06,4.070918201094208400e-06,3.358924679119755202e-06,4.182388671560731637e-06,3.550686553330201371e-06,3.249057555661330955e-06,2.867468395640997147e-06,3.253056255277476620e-06,2.338375504490224131e-06,2.364608847145750861e-06,2.036510495921863608e-06,3.092147312144084647e-06,3.016952104359628149e-06,2.268920448142712824e-06,2.514433335763729716e-06,3.492420364160077771e-06,2.245662485771130875e-06,2.160555484129099675e-06
5.000000000000000278e-02,5.000000000000000278e-02,5.000000000000000278e-02,5.000000000000000278e-02,5.000000000000000278e-02,5.000000000000000278e-02,5.000000000000000278e-02,5.000000000000000278e-02,5.000000000000000278e-02,5.000000000000000278e-02,5.000000000000000278e-02,5.000000000000000278e-02,5.000000000000000278e-02,5.000000000000000278e-02,5.000000000000000278e-02,5.000000000000000278e-02,5.000000000000000278e-02,5.000000000000000278e-02,5.000000000000000278e-02,5.000000000000000278e-02,5.000000000000000278e-02,5.000000000000000278e-02,5.000000000000000278e-02,5.000000000000000278e-02,5.000000000000000278e-02,5.000000000000000278e-02,5.000000000000000278e-02,5.000000000000000278e-02,5.000000000000000278e-02,5.000000000000000278e-02,5.000000000000000278e-02,5.000000000000000278e-02,5.000000000000000278e-02,5.000000000000000278e-02,5.000000000000000278e-02,5.000000000000000278e-02,5.000000000000000278e-02,5.000000000000000278e-02,5.000000000000000278e-02,5.000000000000000278e-02,5.000000000000000278e-02,5.000000000000000278e-02,5.000000000000000278e-02,5.000000000000000278e-02,5.000000000000000278e-02,5.000000000000000278e-02,5.000000000000000278e-02,5.000000000000000278e-02,5.000000000000000278e-02,5.000000000000000278e-02
7.978899999999999881e-02,5.641999999999999793e-02,4.606600000000000278e-02,3.989499999999999991e-02,3.568299999999999944e-02,3.257399999999999879e-02,3.015800000000000078e-02,2.820999999999999897e-02,2.659600000000000158e-02,2.523200000000000096e-02,2.405699999999999852e-02,2.303300000000000139e-02,2.213000000000000037e-02,2.132500000000000021e-02,2.060100000000000126e-02,1.994699999999999945e-02,1.935200000000000115e-02,1.880700000000000080e-02,1.830499999999999836e-02,1.784099999999999922e-02,1.741099999999999939e-02,1.701099999999999834e-02,1.663699999999999901e-02,1.628699999999999939e-02,1.595799999999999996e-02,1.564799999999999872e-02,1.535500000000000059e-02,1.507900000000000039e-02,1.481599999999999931e-02,1.456700000000000009e-02,1.433099999999999999e-02,1.410499999999999948e-02,1.388999999999999957e-02,1.368399999999999998e-02,1.348700000000000072e-02,1.329800000000000079e-02,1.311700000000000019e-02,1.294400000000000064e-02,1.277700000000000016e-02,1.261600000000000048e-02,1.246099999999999985e-02,1.231200000000000003e-02,1.216800000000000000e-02,1.202899999999999976e-02,1.189400000000000006e-02,1.176400000000000015e-02,1.163800000000000077e-02,1.151699999999999946e-02,1.139800000000000015e-02,1.128400000000000063e-02
1.000000000000000000e+00,2.000000000000000000e+00,3.000000000000000000e+00,4.000000000000000000e+00,5.000000000000000000e+00,6.000000000000000000e+00,7.000000000000000000e+00,8.000000000000000000e+00,9.000000000000000000e+00,1.000000000000000000e+01,1.100000000000000000e+01,1.200000000000000000e+01,1.300000000000000000e+01,1.400000000000000000e+01,1.500000000000000000e+01,1.600000000000000000e+01,1.700000000000000000e+01,1.800000000000000000e+01,1.900000000000000000e+01,2.000000000000000000e+01,2.100000000000000000e+01,2.200000000000000000e+01,2.300000000000000000e+01,2.400000000000000000e+01,2.500000000000000000e+01,2.600000000000000000e+01,2.700000000000000000e+01,2.800000000000000000e+01,2.900000000000000000e+01,3.000000000000000000e+01,3.100000000000000000e+01,3.200000000000000000e+01,3.300000000000000000e+01,3.400000000000000000e+01,3.500000000000000000e+01,3.600000000000000000e+01,3.700000000000000000e+01,3.800000000000000000e+01,3.900000000000000000e+01,4.000000000000000000e+01,4.100000000000000000e+01,4.200000000000000000e+01,4.300000000000000000e+01,4.400000000000000000e+01,4.500000000000000000e+01,4.600000000000000000e+01,4.700000000000000000e+01,4.800000000000000000e+01,4.900000000000000000e+01,5.000000000000000000e+01
