kMean
kStDev
kStdErr
Volume Fraction
Inlay Radius
# Inlays/filler particles
-----
2.628464999999999968e-02,2.241661666666666317e-02,2.072535666666665624e-02,1.975479999999999944e-02,1.912055666666668055e-02,1.867359666666665308e-02,1.837212666666666189e-02,1.819306666666667405e-02,1.807821333333332892e-02,1.806572333333331115e-02,1.816084000000000448e-02,1.822373666666668099e-02,1.836420999999999540e-02,1.849601000000000370e-02,1.860755999999999868e-02,1.879644000000000800e-02,1.884702333333333757e-02,1.894557666666666848e-02,1.901869333333333634e-02,1.900475666666665703e-02,1.899516333333332863e-02,1.894532666666665088e-02,1.890167666666666552e-02,1.886611333333334389e-02,1.884223999999998581e-02,1.880089000000000066e-02,1.876189999999999802e-02,1.871521333333333800e-02,1.868192333333332233e-02,1.864715333333333627e-02,1.861360333333332215e-02,1.858345666666666451e-02,1.855474666666665981e-02,1.852887000000000284e-02,1.850191666666666651e-02,1.849028666666668180e-02,1.848596333333334119e-02,1.846898333333333794e-02,1.844956333333333878e-02,1.842817333333334265e-02,1.844413333333333113e-02,1.844536333333332209e-02,1.844998333333333629e-02,1.846293666666667596e-02,1.844041999999999210e-02,1.845386000000000248e-02
6.300540320744979332e-05,9.737650155738588513e-05,1.220370822969623465e-04,1.456654157078245094e-04,1.689191526210755676e-04,1.977740983771353301e-04,2.412345828349565953e-04,3.173534237337854546e-04,3.235211705935522593e-04,3.576557750904570576e-04,3.960581620587225291e-04,3.947765874376151017e-04,4.113394371643285408e-04,3.718698202776519416e-04,3.685072768164376249e-04,3.660611329636986357e-04,3.511684251023841304e-04,3.341880969188193982e-04,3.405151087527377740e-04,2.904474664872958869e-04,2.710163893978041576e-04,2.797496975671088745e-04,2.364743794203132284e-04,2.022469459733708180e-04,2.152759060678489651e-04,1.739037604538786787e-04,1.853915046597336266e-04,1.704894556530956991e-04,1.766557597576584604e-04,1.649963327538592065e-04,1.464589794295849065e-04,1.507499302008314984e-04,1.551694852590403389e-04,1.505975866340493160e-04,1.637750786563355780e-04,1.587280834915135233e-04,1.588164831565735523e-04,1.706495523645527911e-04,1.573072555718761385e-04,1.570788654006500151e-04,1.598059100561956638e-04,1.750416845274926794e-04,1.708556790263512091e-04,1.858015769278853534e-04,1.680275878142237645e-04,1.765731776535345884e-04
3.637618650222204493e-06,5.622034938690074377e-06,7.045814231526771491e-06,8.409996697053120966e-06,9.752551823706144115e-06,1.141849289367745989e-05,1.392768513376092510e-05,1.832240846209503762e-05,1.867850349307302254e-05,2.064926580256996175e-05,2.286642864793518492e-05,2.279243690268688857e-05,2.374869347751342065e-05,2.146991408408000808e-05,2.127577754683061760e-05,2.113454936564507835e-05,2.027471847637583925e-05,1.929435877160491189e-05,1.965964897015278290e-05,1.676899229618850876e-05,1.564713853736226414e-05,1.615135631960866740e-05,1.365285466147675328e-05,1.167673287005053267e-05,1.242896023183131813e-05,1.004033829111350445e-05,1.070358351207669609e-05,9.843213311530755663e-06,1.019922504499819562e-05,9.526067713074166447e-06,8.455813119890869705e-06,8.703551278176734757e-06,8.958714408432259598e-06,8.694755718247635848e-06,9.455558574878747147e-06,9.164170173177872236e-06,9.169273930219739522e-06,9.852456499476367908e-06,9.082138634990393278e-06,9.068952522306627037e-06,9.226398518903767429e-06,1.010603636813534326e-05,9.864357227844016565e-06,1.072725904551715614e-05,9.701077305582556554e-06,1.019445716499357940e-05
2.999999999999999889e-01,2.999999999999999889e-01,2.999999999999999889e-01,2.999999999999999889e-01,2.999999999999999889e-01,2.999999999999999889e-01,2.999999999999999889e-01,2.999999999999999889e-01,2.999999999999999889e-01,2.999999999999999889e-01,2.999999999999999889e-01,2.999999999999999889e-01,2.999999999999999889e-01,2.999999999999999889e-01,2.999999999999999889e-01,2.999999999999999889e-01,2.999999999999999889e-01,2.999999999999999889e-01,2.999999999999999889e-01,2.999999999999999889e-01,2.999999999999999889e-01,2.999999999999999889e-01,2.999999999999999889e-01,2.999999999999999889e-01,2.999999999999999889e-01,2.999999999999999889e-01,2.999999999999999889e-01,2.999999999999999889e-01,2.999999999999999889e-01,2.999999999999999889e-01,2.999999999999999889e-01,2.999999999999999889e-01,2.999999999999999889e-01,2.999999999999999889e-01,2.999999999999999889e-01,2.999999999999999889e-01,2.999999999999999889e-01,2.999999999999999889e-01,2.999999999999999889e-01,2.999999999999999889e-01,2.999999999999999889e-01,2.999999999999999889e-01,2.999999999999999889e-01,2.999999999999999889e-01,2.999999999999999889e-01,2.999999999999999889e-01
8.740499999999999658e-02,7.978899999999999881e-02,7.387100000000000610e-02,6.909999999999999476e-02,6.514799999999999758e-02,6.180399999999999783e-02,5.892800000000000121e-02,5.641999999999999793e-02,5.420599999999999724e-02,5.223400000000000265e-02,5.046300000000000091e-02,4.886100000000000165e-02,4.740199999999999969e-02,4.606600000000000278e-02,4.483800000000000285e-02,4.370199999999999779e-02,4.264899999999999941e-02,4.166899999999999771e-02,4.075299999999999756e-02,3.989499999999999991e-02,3.908899999999999875e-02,3.833000000000000296e-02,3.761300000000000060e-02,3.693500000000000255e-02,3.629299999999999887e-02,3.568299999999999944e-02,3.510300000000000226e-02,3.454999999999999738e-02,3.402199999999999669e-02,3.351799999999999918e-02,3.303600000000000286e-02,3.257399999999999879e-02,3.213099999999999984e-02,3.170499999999999707e-02,3.129599999999999743e-02,3.090199999999999891e-02,3.052300000000000152e-02,3.015800000000000078e-02,2.980500000000000163e-02,2.946400000000000061e-02,2.913500000000000117e-02,2.881600000000000134e-02,2.850799999999999862e-02,2.820999999999999897e-02,2.792000000000000037e-02,2.764000000000000137e-02
5.000000000000000000e+00,6.000000000000000000e+00,7.000000000000000000e+00,8.000000000000000000e+00,9.000000000000000000e+00,1.000000000000000000e+01,1.100000000000000000e+01,1.200000000000000000e+01,1.300000000000000000e+01,1.400000000000000000e+01,1.500000000000000000e+01,1.600000000000000000e+01,1.700000000000000000e+01,1.800000000000000000e+01,1.900000000000000000e+01,2.000000000000000000e+01,2.100000000000000000e+01,2.200000000000000000e+01,2.300000000000000000e+01,2.400000000000000000e+01,2.500000000000000000e+01,2.600000000000000000e+01,2.700000000000000000e+01,2.800000000000000000e+01,2.900000000000000000e+01,3.000000000000000000e+01,3.100000000000000000e+01,3.200000000000000000e+01,3.300000000000000000e+01,3.400000000000000000e+01,3.500000000000000000e+01,3.600000000000000000e+01,3.700000000000000000e+01,3.800000000000000000e+01,3.900000000000000000e+01,4.000000000000000000e+01,4.100000000000000000e+01,4.200000000000000000e+01,4.300000000000000000e+01,4.400000000000000000e+01,4.500000000000000000e+01,4.600000000000000000e+01,4.700000000000000000e+01,4.800000000000000000e+01,4.900000000000000000e+01,5.000000000000000000e+01
