kMean
kStDev
kStdErr
Volume Fraction
Inlay Radius
# Inlays/filler particles
-----
1.717374999999999804e-02,1.642949999999999966e-02,1.599670000000000258e-02,1.589135000000000200e-02,1.604485000000000286e-02,1.588614999999999819e-02,1.552279999999999806e-02,1.599350000000000077e-02,1.581669999999999604e-02,1.569394999999999818e-02,1.615264999999999757e-02,1.571880000000000152e-02,1.579265000000000183e-02,1.571739999999999943e-02,1.572775000000000215e-02,1.569799999999999668e-02,1.560800000000000035e-02,1.561424999999999966e-02,1.573559999999999889e-02,1.553519999999999901e-02,1.574759999999999702e-02,1.571725000000000205e-02,1.559010000000000083e-02,1.559199999999999996e-02,1.567874999999999477e-02,1.561795000000000024e-02,1.565484999999999793e-02,1.553225000000000265e-02,1.555615000000000123e-02,1.567715000000000428e-02,1.558785000000000032e-02,1.558089999999999822e-02,1.572494999999999796e-02,1.567464999999999831e-02,1.565065000000000206e-02,1.551649999999999904e-02,1.560025000000000127e-02,1.561065000000000369e-02,1.555350000000000135e-02,1.556070000000000023e-02,1.554230000000000368e-02,1.550730000000000164e-02,1.553184999999999982e-02,1.561639999999999730e-02,1.548255000000000291e-02,1.550294999999999625e-02
2.749643385968445104e-04,3.544468225277241685e-04,2.297638135129202383e-04,6.722077264506857086e-04,6.816520575044133796e-04,7.078182164228322701e-04,5.367657403374397106e-04,8.052526622123022540e-04,6.144715697247515396e-04,8.419333984942037850e-04,5.874935127301405928e-04,5.491518551366281762e-04,5.406420511761918972e-04,4.146108295739510809e-04,4.223848807663455854e-04,3.160742001492689132e-04,3.838340787371540561e-04,2.647188839127274582e-04,5.348262708581173665e-04,1.973361598896667692e-04,3.741414705696231250e-04,3.267258598580772503e-04,2.572069011515829375e-04,1.746356206505418900e-04,3.558787539317290693e-04,2.831984242540907561e-04,3.822312487225502258e-04,2.689153909689814153e-04,3.012618918814657498e-04,3.236917167614888945e-04,2.590984899608641764e-04,2.003918411512802878e-04,3.379956323682300513e-04,3.436235258244113968e-04,2.893819750779233653e-04,2.500250987401064968e-04,3.054098680462042281e-04,1.859465716274436335e-04,1.728813176719801658e-04,2.410776016140859645e-04,1.259373256822619315e-04,1.777940100228353438e-04,2.678094985246040139e-04,2.223961330599071712e-04,2.482777627980405338e-04,1.953137155962170125e-04
6.148389524908135005e-05,7.925671895807950081e-05,5.137675057844743503e-05,1.503102171344316532e-04,1.524220337582464003e-04,1.582729647634110786e-04,1.200244683387515979e-04,1.800599691769384021e-04,1.374000200145546083e-04,1.882620311560458636e-04,1.313675430804732425e-04,1.227940878055617483e-04,1.208912377924885182e-04,9.270979991349347169e-05,9.444813060616921838e-05,7.067633974676393771e-05,8.582790921372830326e-05,5.919294193567340616e-05,1.195907897791465127e-04,4.412570679320622585e-05,8.366057613954142502e-05,7.305812326497304848e-05,5.751321152570083460e-05,3.904971190674777048e-05,7.957690855392667137e-05,6.332509277529720451e-05,8.546950552682518502e-05,6.013130944025754724e-05,6.736420692771494050e-05,7.237966824322971890e-05,5.793618364200390900e-05,4.480897789506024510e-05,7.557812100733906420e-05,7.683655624115382594e-05,6.470777677373866293e-05,5.590731168639751538e-05,6.829172259505535223e-05,4.157891743419976388e-05,3.865743783542833307e-05,5.390659050617092017e-05,2.816044211300677581e-05,3.975594924033387314e-05,5.988402437211441838e-05,4.972928714550407472e-05,5.551659549179870247e-05,4.367347450112020593e-05
2.000000000000000111e-01,2.000000000000000111e-01,2.000000000000000111e-01,2.000000000000000111e-01,2.000000000000000111e-01,2.000000000000000111e-01,2.000000000000000111e-01,2.000000000000000111e-01,2.000000000000000111e-01,2.000000000000000111e-01,2.000000000000000111e-01,2.000000000000000111e-01,2.000000000000000111e-01,2.000000000000000111e-01,2.000000000000000111e-01,2.000000000000000111e-01,2.000000000000000111e-01,2.000000000000000111e-01,2.000000000000000111e-01,2.000000000000000111e-01,2.000000000000000111e-01,2.000000000000000111e-01,2.000000000000000111e-01,2.000000000000000111e-01,2.000000000000000111e-01,2.000000000000000111e-01,2.000000000000000111e-01,2.000000000000000111e-01,2.000000000000000111e-01,2.000000000000000111e-01,2.000000000000000111e-01,2.000000000000000111e-01,2.000000000000000111e-01,2.000000000000000111e-01,2.000000000000000111e-01,2.000000000000000111e-01,2.000000000000000111e-01,2.000000000000000111e-01,2.000000000000000111e-01,2.000000000000000111e-01,2.000000000000000111e-01,2.000000000000000111e-01,2.000000000000000111e-01,2.000000000000000111e-01,2.000000000000000111e-01,2.000000000000000111e-01
7.136599999999999888e-02,6.514799999999999758e-02,6.031500000000000056e-02,5.641999999999999793e-02,5.319299999999999723e-02,5.046300000000000091e-02,4.811499999999999805e-02,4.606600000000000278e-02,4.425899999999999973e-02,4.264899999999999941e-02,4.120299999999999657e-02,3.989499999999999991e-02,3.870300000000000129e-02,3.761300000000000060e-02,3.660999999999999671e-02,3.568299999999999944e-02,3.482299999999999979e-02,3.402199999999999669e-02,3.327399999999999802e-02,3.257399999999999879e-02,3.191599999999999993e-02,3.129599999999999743e-02,3.071099999999999872e-02,3.015800000000000078e-02,2.963299999999999962e-02,2.913500000000000117e-02,2.866099999999999898e-02,2.820999999999999897e-02,2.777900000000000161e-02,2.736699999999999897e-02,2.697400000000000145e-02,2.659600000000000158e-02,2.623500000000000137e-02,2.588700000000000029e-02,2.555299999999999933e-02,2.523200000000000096e-02,2.492199999999999971e-02,2.462400000000000005e-02,2.433499999999999899e-02,2.405699999999999852e-02,2.378900000000000112e-02,2.352900000000000130e-02,2.327699999999999908e-02,2.303300000000000139e-02,2.279700000000000129e-02,2.256800000000000125e-02
5.000000000000000000e+00,6.000000000000000000e+00,7.000000000000000000e+00,8.000000000000000000e+00,9.000000000000000000e+00,1.000000000000000000e+01,1.100000000000000000e+01,1.200000000000000000e+01,1.300000000000000000e+01,1.400000000000000000e+01,1.500000000000000000e+01,1.600000000000000000e+01,1.700000000000000000e+01,1.800000000000000000e+01,1.900000000000000000e+01,2.000000000000000000e+01,2.100000000000000000e+01,2.200000000000000000e+01,2.300000000000000000e+01,2.400000000000000000e+01,2.500000000000000000e+01,2.600000000000000000e+01,2.700000000000000000e+01,2.800000000000000000e+01,2.900000000000000000e+01,3.000000000000000000e+01,3.100000000000000000e+01,3.200000000000000000e+01,3.300000000000000000e+01,3.400000000000000000e+01,3.500000000000000000e+01,3.600000000000000000e+01,3.700000000000000000e+01,3.800000000000000000e+01,3.900000000000000000e+01,4.000000000000000000e+01,4.100000000000000000e+01,4.200000000000000000e+01,4.300000000000000000e+01,4.400000000000000000e+01,4.500000000000000000e+01,4.600000000000000000e+01,4.700000000000000000e+01,4.800000000000000000e+01,4.900000000000000000e+01,5.000000000000000000e+01
