kMean
kStDev
kStdErr
Volume Fraction
Inlay Radius
# Inlays/filler particles
-----
1.685155000000000333e-02,1.612424999999999969e-02,1.569254999999999955e-02,1.552749999999999964e-02,1.523790000000000214e-02,1.512359999999999573e-02,1.506069999999999978e-02,1.499880000000000310e-02,1.492244999999999856e-02,1.491860000000000061e-02,1.506120000000000202e-02,1.501109999999999944e-02,1.517234999999999764e-02,1.503484999999999891e-02,1.524860000000000104e-02,1.511935000000000015e-02,1.519164999999999752e-02,1.513004999999999732e-02,1.517665000000000333e-02,1.515535000000000319e-02,1.513945000000000221e-02,1.519240000000000347e-02,1.511764999999999984e-02,1.507539999999999748e-02,1.513849999999999571e-02,1.505105000000000158e-02,1.507715000000000097e-02,1.503095000000000125e-02,1.506094999999999483e-02,1.506695000000000083e-02,1.509975000000000379e-02,1.505380000000000086e-02,1.506289999999999886e-02,1.503129999999999744e-02,1.504074999999999510e-02,1.503604999999999872e-02,1.504990000000000147e-02,1.501760000000000074e-02,1.500994999999999933e-02,1.495359999999999745e-02,1.499305000000000256e-02,1.495424999999999879e-02,1.495100000000000248e-02,1.497969999999999857e-02,1.500079999999999990e-02,1.499075000000000234e-02
1.120252092164974376e-04,7.895053831355422242e-05,1.041707612528582359e-04,2.068063103485962126e-04,1.727717858910995962e-04,1.451083732938935114e-04,2.115849947420658306e-04,2.217490924445915943e-04,1.966998919674335568e-04,2.557392030956537918e-04,3.050402596379699440e-04,3.451857326136173638e-04,2.551517734604248416e-04,2.513042528490114680e-04,2.574067598179968861e-04,2.031000430822209812e-04,2.842793124727864356e-04,2.111211678160197476e-04,1.573703514007642737e-04,1.714856480875292827e-04,1.742485222318974317e-04,1.280071872982138268e-04,1.296758555013230701e-04,1.456064559008286732e-04,1.329652210166253827e-04,1.456734275700271805e-04,1.267932470599283598e-04,1.312804155234131528e-04,8.053413872389768324e-05,9.534698474519262079e-05,1.413116679542065969e-04,1.170694665572540667e-04,8.930615880217915845e-05,1.061824373425287766e-04,1.086005870149880340e-04,8.441710430949416291e-05,1.244784720343241951e-04,9.569085640749583669e-05,8.866987932776279938e-05,9.605019521062926760e-05,1.039531024068064089e-04,8.257958282771845683e-05,9.920433458271874319e-05,1.129588863259549700e-04,9.759795079815989792e-05,1.004902358440859007e-04
2.504959830017242290e-05,1.765387705293088312e-05,2.329329034292921562e-05,4.624329681153793058e-05,3.863294578465377893e-05,3.244721867895609708e-05,4.731184312621947711e-05,4.958460446549917768e-05,4.398343296060462637e-05,5.718502426335064889e-05,6.820907564246861767e-05,7.718587629871145103e-05,5.705367100371366986e-05,5.619333924051847772e-05,5.755790128210023972e-05,4.541455025649819902e-05,6.356678672860543316e-05,4.720812827257609296e-05,3.518908033751381363e-05,3.834535662893222952e-05,3.896315406894060188e-05,2.862327724073537416e-05,2.899640279413984395e-05,3.255859333570782513e-05,2.973192728364580404e-05,3.257356865619727985e-05,2.835183195139251563e-05,2.935519332247704460e-05,1.800798086960333919e-05,2.132023393398861427e-05,3.159824955594845456e-05,2.617752853116583458e-05,1.996946418910637759e-05,2.374311479145064664e-05,2.428382949618941919e-05,1.887623836997193765e-05,2.783423252040554292e-05,2.139712597523320042e-05,1.982718777335809598e-05,2.147747657430917521e-05,2.324462034536160999e-05,1.846535607563527584e-05,2.218276357895923289e-05,2.525837484875067670e-05,2.182356524493653751e-05,2.247029984223620095e-05
2.000000000000000111e-01,2.000000000000000111e-01,2.000000000000000111e-01,2.000000000000000111e-01,2.000000000000000111e-01,2.000000000000000111e-01,2.000000000000000111e-01,2.000000000000000111e-01,2.000000000000000111e-01,2.000000000000000111e-01,2.000000000000000111e-01,2.000000000000000111e-01,2.000000000000000111e-01,2.000000000000000111e-01,2.000000000000000111e-01,2.000000000000000111e-01,2.000000000000000111e-01,2.000000000000000111e-01,2.000000000000000111e-01,2.000000000000000111e-01,2.000000000000000111e-01,2.000000000000000111e-01,2.000000000000000111e-01,2.000000000000000111e-01,2.000000000000000111e-01,2.000000000000000111e-01,2.000000000000000111e-01,2.000000000000000111e-01,2.000000000000000111e-01,2.000000000000000111e-01,2.000000000000000111e-01,2.000000000000000111e-01,2.000000000000000111e-01,2.000000000000000111e-01,2.000000000000000111e-01,2.000000000000000111e-01,2.000000000000000111e-01,2.000000000000000111e-01,2.000000000000000111e-01,2.000000000000000111e-01,2.000000000000000111e-01,2.000000000000000111e-01,2.000000000000000111e-01,2.000000000000000111e-01,2.000000000000000111e-01,2.000000000000000111e-01
7.136599999999999888e-02,6.514799999999999758e-02,6.031500000000000056e-02,5.641999999999999793e-02,5.319299999999999723e-02,5.046300000000000091e-02,4.811499999999999805e-02,4.606600000000000278e-02,4.425899999999999973e-02,4.264899999999999941e-02,4.120299999999999657e-02,3.989499999999999991e-02,3.870300000000000129e-02,3.761300000000000060e-02,3.660999999999999671e-02,3.568299999999999944e-02,3.482299999999999979e-02,3.402199999999999669e-02,3.327399999999999802e-02,3.257399999999999879e-02,3.191599999999999993e-02,3.129599999999999743e-02,3.071099999999999872e-02,3.015800000000000078e-02,2.963299999999999962e-02,2.913500000000000117e-02,2.866099999999999898e-02,2.820999999999999897e-02,2.777900000000000161e-02,2.736699999999999897e-02,2.697400000000000145e-02,2.659600000000000158e-02,2.623500000000000137e-02,2.588700000000000029e-02,2.555299999999999933e-02,2.523200000000000096e-02,2.492199999999999971e-02,2.462400000000000005e-02,2.433499999999999899e-02,2.405699999999999852e-02,2.378900000000000112e-02,2.352900000000000130e-02,2.327699999999999908e-02,2.303300000000000139e-02,2.279700000000000129e-02,2.256800000000000125e-02
5.000000000000000000e+00,6.000000000000000000e+00,7.000000000000000000e+00,8.000000000000000000e+00,9.000000000000000000e+00,1.000000000000000000e+01,1.100000000000000000e+01,1.200000000000000000e+01,1.300000000000000000e+01,1.400000000000000000e+01,1.500000000000000000e+01,1.600000000000000000e+01,1.700000000000000000e+01,1.800000000000000000e+01,1.900000000000000000e+01,2.000000000000000000e+01,2.100000000000000000e+01,2.200000000000000000e+01,2.300000000000000000e+01,2.400000000000000000e+01,2.500000000000000000e+01,2.600000000000000000e+01,2.700000000000000000e+01,2.800000000000000000e+01,2.900000000000000000e+01,3.000000000000000000e+01,3.100000000000000000e+01,3.200000000000000000e+01,3.300000000000000000e+01,3.400000000000000000e+01,3.500000000000000000e+01,3.600000000000000000e+01,3.700000000000000000e+01,3.800000000000000000e+01,3.900000000000000000e+01,4.000000000000000000e+01,4.100000000000000000e+01,4.200000000000000000e+01,4.300000000000000000e+01,4.400000000000000000e+01,4.500000000000000000e+01,4.600000000000000000e+01,4.700000000000000000e+01,4.800000000000000000e+01,4.900000000000000000e+01,5.000000000000000000e+01
