kMean
kStDev
kStdErr
Volume Fraction
Inlay Radius
# Inlays/filler particles
-----
1.723670000000000757e-02,1.647093999999999642e-02,1.601679600000000675e-02,1.588131199999999119e-02,1.571408399999999275e-02,1.565699999999999731e-02,1.573206799999999489e-02,1.581468400000000593e-02,1.577011599999999722e-02,1.583664400000000388e-02,1.587769599999999670e-02,1.581459599999998980e-02,1.585182800000000183e-02,1.583044399999999907e-02,1.577225599999999839e-02,1.573970400000000019e-02,1.569332000000000019e-02,1.569289999999999574e-02,1.567599200000000664e-02,1.566595599999999824e-02,1.566090400000000327e-02,1.562396800000001064e-02,1.561391600000000372e-02,1.563444400000000775e-02,1.563231999999999816e-02,1.563941599999999280e-02,1.563563200000000347e-02,1.558659599999999597e-02,1.560537999999999162e-02,1.557335599999999307e-02,1.559482400000000366e-02,1.560909200000000149e-02,1.559645599999999639e-02,1.560521600000000335e-02,1.558080399999999671e-02,1.556934400000000406e-02
3.090423822067129341e-04,3.196598198084956897e-04,2.935185895032885683e-04,5.191993592600050193e-04,5.903285364472907670e-04,5.991439159333925056e-04,7.544782086820002237e-04,6.865821728999378908e-04,6.680631576011359079e-04,6.093997286379441948e-04,5.130824296192571530e-04,5.129642802223171151e-04,4.934497243043105101e-04,4.405975475011181014e-04,3.942548090562751238e-04,3.649129106841794939e-04,3.408521110393772867e-04,3.382606716720108742e-04,3.643101205511591837e-04,2.957018533320343134e-04,3.410727529193733763e-04,3.164385674597835845e-04,2.793295776390319115e-04,3.047666629800575605e-04,3.105333888650300641e-04,2.955735085287582034e-04,3.451520600778734942e-04,2.943840498124855902e-04,2.538252855804559336e-04,2.840167411685445061e-04,2.654715823285046239e-04,2.605698131710578792e-04,2.621922654541891879e-04,2.610055657337597779e-04,2.454598573779426859e-04,2.590122500269052461e-04
1.954555642595012227e-05,2.021706214067711161e-05,1.856374556860764698e-05,3.283705069923301053e-05,3.733565485934325299e-05,3.789318841163937646e-05,4.771739168797891673e-05,4.342326934462674887e-05,4.225202397727238518e-05,3.854182295968886900e-05,3.245018210019783180e-05,3.244270967622771485e-05,3.120850079167533712e-05,2.786583563175524365e-05,2.493486350185217736e-05,2.307911890727199912e-05,2.155738032322109459e-05,2.139348330683901793e-05,2.304099511184359725e-05,1.870182729724557396e-05,2.157133494098127554e-05,2.001333225387516576e-05,1.766635366384358902e-05,1.927513619811803121e-05,1.963985596688529547e-05,1.869371005916159993e-05,2.182933297890707523e-05,1.861848208463837012e-05,1.605332060353869896e-05,1.796279591422226355e-05,1.678989708413961641e-05,1.647988198210169439e-05,1.658249487429440058e-05,1.650744139398956174e-05,1.552424446908769312e-05,1.638137303940058275e-05
2.000000000000000111e-01,2.000000000000000111e-01,2.000000000000000111e-01,2.000000000000000111e-01,2.000000000000000111e-01,2.000000000000000111e-01,2.000000000000000111e-01,2.000000000000000111e-01,2.000000000000000111e-01,2.000000000000000111e-01,2.000000000000000111e-01,2.000000000000000111e-01,2.000000000000000111e-01,2.000000000000000111e-01,2.000000000000000111e-01,2.000000000000000111e-01,2.000000000000000111e-01,2.000000000000000111e-01,2.000000000000000111e-01,2.000000000000000111e-01,2.000000000000000111e-01,2.000000000000000111e-01,2.000000000000000111e-01,2.000000000000000111e-01,2.000000000000000111e-01,2.000000000000000111e-01,2.000000000000000111e-01,2.000000000000000111e-01,2.000000000000000111e-01,2.000000000000000111e-01,2.000000000000000111e-01,2.000000000000000111e-01,2.000000000000000111e-01,2.000000000000000111e-01,2.000000000000000111e-01,2.000000000000000111e-01
7.136599999999999888e-02,6.514799999999999758e-02,6.031500000000000056e-02,5.641999999999999793e-02,5.319299999999999723e-02,5.046300000000000091e-02,4.811499999999999805e-02,4.606600000000000278e-02,4.425899999999999973e-02,4.264899999999999941e-02,4.120299999999999657e-02,3.989499999999999991e-02,3.870300000000000129e-02,3.761300000000000060e-02,3.660999999999999671e-02,3.568299999999999944e-02,3.482299999999999979e-02,3.402199999999999669e-02,3.327399999999999802e-02,3.257399999999999879e-02,3.191599999999999993e-02,3.129599999999999743e-02,3.071099999999999872e-02,3.015800000000000078e-02,2.963299999999999962e-02,2.913500000000000117e-02,2.866099999999999898e-02,2.820999999999999897e-02,2.777900000000000161e-02,2.736699999999999897e-02,2.697400000000000145e-02,2.659600000000000158e-02,2.623500000000000137e-02,2.588700000000000029e-02,2.555299999999999933e-02,2.523200000000000096e-02
5.000000000000000000e+00,6.000000000000000000e+00,7.000000000000000000e+00,8.000000000000000000e+00,9.000000000000000000e+00,1.000000000000000000e+01,1.100000000000000000e+01,1.200000000000000000e+01,1.300000000000000000e+01,1.400000000000000000e+01,1.500000000000000000e+01,1.600000000000000000e+01,1.700000000000000000e+01,1.800000000000000000e+01,1.900000000000000000e+01,2.000000000000000000e+01,2.100000000000000000e+01,2.200000000000000000e+01,2.300000000000000000e+01,2.400000000000000000e+01,2.500000000000000000e+01,2.600000000000000000e+01,2.700000000000000000e+01,2.800000000000000000e+01,2.900000000000000000e+01,3.000000000000000000e+01,3.100000000000000000e+01,3.200000000000000000e+01,3.300000000000000000e+01,3.400000000000000000e+01,3.500000000000000000e+01,3.600000000000000000e+01,3.700000000000000000e+01,3.800000000000000000e+01,3.900000000000000000e+01,4.000000000000000000e+01
