kMean
kStDev
kStdErr
Volume Fraction
Inlay Radius
# Inlays/filler particles
-----
2.712618666666666983e-02,2.309815000000001867e-02,2.136363000000000845e-02,2.031708666666666788e-02,1.975001999999999314e-02,1.932883000000001558e-02,1.907015666666666762e-02,1.895028333333335230e-02,1.896587999999998705e-02,1.913486000000000353e-02,1.933013000000000439e-02,1.951159333333333384e-02,1.994552999999999951e-02,2.017432333333331676e-02,2.018648333333332781e-02,2.018528666666666652e-02,2.009733333333333510e-02,2.012892666666665081e-02,2.009931000000000564e-02,1.997550999999998800e-02,1.993428333333332678e-02,1.982650666666666006e-02,1.976498999999998230e-02,1.978763333333333208e-02,1.974655666666667517e-02,1.966429333333333598e-02
4.698867577997441593e-04,4.815818665260008786e-04,5.243915583162389723e-04,5.892662605496959329e-04,5.661114433277839898e-04,6.316551652339009526e-04,7.229070794061676856e-04,7.754994496380307164e-04,8.492224280285272896e-04,9.690967308444151714e-04,1.012667118603146916e-03,1.041187383690158046e-03,1.102604835121510441e-03,1.002768480485677306e-03,9.024846830032938428e-04,7.649908961259317122e-04,6.831795534281030540e-04,6.885397649777065619e-04,5.627771796190743706e-04,6.103926740768329459e-04,5.158497614508405051e-04,5.254245299015095289e-04,4.540334825024839932e-04,4.442434905419422801e-04,4.890758224674597544e-04,4.735229532862046242e-04
2.712892461043227364e-05,2.780414202756290124e-05,3.027576073546478928e-05,3.402130341527310889e-05,3.268445941966236163e-05,3.646862796828102344e-05,4.173705968942370234e-05,4.477348160049236179e-05,4.902987974241377901e-05,5.595082584238093534e-05,5.846636335250095207e-05,6.011298162503548475e-05,6.365891983671869477e-05,5.789486521432777346e-05,5.210497746714657199e-05,4.416676998059196454e-05,3.944338990765635473e-05,3.975286186576404765e-05,3.249195561468509134e-05,3.524103746896349593e-05,2.978259986350469793e-05,3.033539937774690760e-05,2.621363533439123489e-05,2.564840988501293346e-05,2.823680577557254926e-05,2.733886045472568108e-05
2.999999999999999889e-01,2.999999999999999889e-01,2.999999999999999889e-01,2.999999999999999889e-01,2.999999999999999889e-01,2.999999999999999889e-01,2.999999999999999889e-01,2.999999999999999889e-01,2.999999999999999889e-01,2.999999999999999889e-01,2.999999999999999889e-01,2.999999999999999889e-01,2.999999999999999889e-01,2.999999999999999889e-01,2.999999999999999889e-01,2.999999999999999889e-01,2.999999999999999889e-01,2.999999999999999889e-01,2.999999999999999889e-01,2.999999999999999889e-01,2.999999999999999889e-01,2.999999999999999889e-01,2.999999999999999889e-01,2.999999999999999889e-01,2.999999999999999889e-01,2.999999999999999889e-01
8.740499999999999658e-02,7.978899999999999881e-02,7.387100000000000610e-02,6.909999999999999476e-02,6.514799999999999758e-02,6.180399999999999783e-02,5.892800000000000121e-02,5.641999999999999793e-02,5.420599999999999724e-02,5.223400000000000265e-02,5.046300000000000091e-02,4.886100000000000165e-02,4.740199999999999969e-02,4.606600000000000278e-02,4.483800000000000285e-02,4.370199999999999779e-02,4.264899999999999941e-02,4.166899999999999771e-02,4.075299999999999756e-02,3.989499999999999991e-02,3.908899999999999875e-02,3.833000000000000296e-02,3.761300000000000060e-02,3.693500000000000255e-02,3.629299999999999887e-02,3.568299999999999944e-02
5.000000000000000000e+00,6.000000000000000000e+00,7.000000000000000000e+00,8.000000000000000000e+00,9.000000000000000000e+00,1.000000000000000000e+01,1.100000000000000000e+01,1.200000000000000000e+01,1.300000000000000000e+01,1.400000000000000000e+01,1.500000000000000000e+01,1.600000000000000000e+01,1.700000000000000000e+01,1.800000000000000000e+01,1.900000000000000000e+01,2.000000000000000000e+01,2.100000000000000000e+01,2.200000000000000000e+01,2.300000000000000000e+01,2.400000000000000000e+01,2.500000000000000000e+01,2.600000000000000000e+01,2.700000000000000000e+01,2.800000000000000000e+01,2.900000000000000000e+01,3.000000000000000000e+01
