kMean
kStDev
kStdErr
Volume Fraction
Inlay Radius
# Inlays/filler particles
-----
1.685993400000000697e-02,1.615452200000000102e-02,1.572636200000000761e-02,1.545139399999999330e-02,1.526071799999997522e-02,1.513292599999998926e-02,1.504999399999998322e-02,1.498714199999999670e-02,1.496723800000000250e-02,1.495583999999999629e-02,1.501672200000001532e-02,1.506268999999999317e-02,1.511473399999999252e-02,1.512312400000000515e-02,1.513677999999998337e-02,1.513965200000000517e-02,1.515803600000000494e-02,1.513994000000000624e-02,1.515355599999999511e-02,1.515212200000000571e-02,1.514081599999999792e-02,1.513251199999999380e-02,1.512520999999999657e-02,1.510134599999999813e-02,1.510455800000000577e-02,1.509486199999998841e-02
1.017438236159817896e-04,1.147886645797397635e-04,1.292556805560204957e-04,1.370036012811341926e-04,1.504090505122614499e-04,1.767094126638420540e-04,1.861978677751170968e-04,2.075998310114918405e-04,2.413342026236645413e-04,2.617339916785743777e-04,2.986340983812798893e-04,2.899221514475913046e-04,2.847648701016331180e-04,2.722608540058595451e-04,2.496139491294507439e-04,2.238713266499307625e-04,2.070344577697152651e-04,1.964872932278319533e-04,1.710493930535854964e-04,1.658157384448171324e-04,1.515019938614670949e-04,1.357245808834935856e-04,1.444376332539410107e-04,1.286341723026972314e-04,1.346798523759214618e-04,1.154332835710740837e-04
4.550122117921674694e-06,5.133505140934408281e-06,5.780489764025192982e-06,6.126987312537866435e-06,6.726497227532323037e-06,7.902685179608259734e-06,8.327021792213587322e-06,9.284146685183293293e-06,1.079279364724443990e-05,1.170509994831313218e-05,1.335532288759803360e-05,1.296571277639606412e-05,1.273507214302298139e-05,1.217587554338495750e-05,1.116307516771252509e-05,1.001183009204610814e-05,9.258862425157855550e-06,8.787178887447326232e-06,7.649561407557949785e-06,7.415505258038726979e-06,6.775375140019925171e-06,6.069787781463202014e-06,6.459447329299924619e-06,5.752695069965032897e-06,6.023066102243938761e-06,5.162333378618626551e-06
2.000000000000000111e-01,2.000000000000000111e-01,2.000000000000000111e-01,2.000000000000000111e-01,2.000000000000000111e-01,2.000000000000000111e-01,2.000000000000000111e-01,2.000000000000000111e-01,2.000000000000000111e-01,2.000000000000000111e-01,2.000000000000000111e-01,2.000000000000000111e-01,2.000000000000000111e-01,2.000000000000000111e-01,2.000000000000000111e-01,2.000000000000000111e-01,2.000000000000000111e-01,2.000000000000000111e-01,2.000000000000000111e-01,2.000000000000000111e-01,2.000000000000000111e-01,2.000000000000000111e-01,2.000000000000000111e-01,2.000000000000000111e-01,2.000000000000000111e-01,2.000000000000000111e-01
7.136599999999999888e-02,6.514799999999999758e-02,6.031500000000000056e-02,5.641999999999999793e-02,5.319299999999999723e-02,5.046300000000000091e-02,4.811499999999999805e-02,4.606600000000000278e-02,4.425899999999999973e-02,4.264899999999999941e-02,4.120299999999999657e-02,3.989499999999999991e-02,3.870300000000000129e-02,3.761300000000000060e-02,3.660999999999999671e-02,3.568299999999999944e-02,3.482299999999999979e-02,3.402199999999999669e-02,3.327399999999999802e-02,3.257399999999999879e-02,3.191599999999999993e-02,3.129599999999999743e-02,3.071099999999999872e-02,3.015800000000000078e-02,2.963299999999999962e-02,2.913500000000000117e-02
5.000000000000000000e+00,6.000000000000000000e+00,7.000000000000000000e+00,8.000000000000000000e+00,9.000000000000000000e+00,1.000000000000000000e+01,1.100000000000000000e+01,1.200000000000000000e+01,1.300000000000000000e+01,1.400000000000000000e+01,1.500000000000000000e+01,1.600000000000000000e+01,1.700000000000000000e+01,1.800000000000000000e+01,1.900000000000000000e+01,2.000000000000000000e+01,2.100000000000000000e+01,2.200000000000000000e+01,2.300000000000000000e+01,2.400000000000000000e+01,2.500000000000000000e+01,2.600000000000000000e+01,2.700000000000000000e+01,2.800000000000000000e+01,2.900000000000000000e+01,3.000000000000000000e+01
